1000,2203,2851,9999=1000,2203,2851,9999$
1000,7309,7810,9999=1000,7309,7810,9999$
1000,4488,4562,9999=1000,4488,4562,9999$
1000,7558,7641,9999=1000,7558,7641,9999$
1000,2858,2069,9999=1000,2069,2858,9999$
1000,7512,7791,9999=1000,7512,7791,9999$
1000,4844,4118,9999=1000,4118,4844,9999$
1000,6427,6562,9999=1000,6427,6562,9999$
1000,4826,4985,9999=1000,4826,4985,9999$
1000,4107,4565,9999=1000,4107,4565,9999$
1000,8269,8488,9999=1000,8269,8488,9999$
1000,7298,7767,9999=1000,7298,7767,9999$
1000,1911,1638,9999=1000,1638,1911,9999$
1000,7991,7876,9999=1000,7876,7991,9999$
1000,6719,6854,9999=1000,6719,6854,9999$
1000,3983,3415,9999=1000,3415,3983,9999$
1000,6925,6899,9999=1000,6899,6925,9999$
1000,1610,1464,9999=1000,1464,1610,9999$
1000,2912,2888,9999=1000,2888,2912,9999$
1000,8689,8728,9999=1000,8689,8728,9999$
1000,5865,5951,9999=1000,5865,5951,9999$
1000,4814,4963,9999=1000,4814,4963,9999$
1000,2005,2641,9999=1000,2005,2641,9999$
1000,5877,5739,9999=1000,5739,5877,9999$
1000,4916,4528,9999=1000,4528,4916,9999$
1000,1515,1603,9999=1000,1515,1603,9999$
1000,4288,4577,9999=1000,4288,4577,9999$
1000,2875,2991,9999=1000,2875,2991,9999$
1000,3666,3782,9999=1000,3666,3782,9999$
1000,1966,1749,9999=1000,1749,1966,9999$
1000,9379,9428,9999=1000,9379,9428,9999$
1000,6900,6819,9999=1000,6819,6900,9999$
1000,2721,2315,9999=1000,2315,2721,9999$
1000,1896,1914,9999=1000,1896,1914,9999$
1000,6436,6855,9999=1000,6436,6855,9999$
1000,1376,1814,9999=1000,1376,1814,9999$
1000,6219,6648,9999=1000,6219,6648,9999$
1000,9105,9494,9999=1000,9105,9494,9999$
1000,2387,2925,9999=1000,2387,2925,9999$
1000,5088,5276,9999=1000,5088,5276,9999$
1000,1607,1469,9999=1000,1469,1607,9999$
1000,9206,9720,9999=1000,9206,9720,9999$
1000,9426,9770,9999=1000,9426,9770,9999$
1000,4834,4912,9999=1000,4834,4912,9999$
1000,3526,3973,9999=1000,3526,3973,9999$
1000,3813,3777,9999=1000,3777,3813,9999$
1000,6348,6735,9999=1000,6348,6735,9999$
1000,2948,2669,9999=1000,2669,2948,9999$
1000,1418,1551,9999=1000,1418,1551,9999$
1000,6956,6879,9999=1000,6879,6956,9999$
1000,4948,4009,9999=1000,4009,4948,9999$
1000,6861,6516,9999=1000,6516,6861,9999$
1000,9444,9972,9999=1000,9444,9972,9999$
1000,7868,7429,9999=1000,7429,7868,9999$
1000,5549,5937,9999=1000,5549,5937,9999$
1000,4881,4276,9999=1000,4276,4881,9999$
1000,9396,9954,9999=1000,9396,9954,9999$
1000,4729,4807,9999=1000,4729,4807,9999$
1000,4262,4880,9999=1000,4262,4880,9999$
1000,7930,7829,9999=1000,7829,7930,9999$
1000,4719,4987,9999=1000,4719,4987,9999$
1000,9974,9726,9999=1000,9726,9974,9999$
1000,5881,5476,9999=1000,5476,5881,9999$
1000,4844,4962,9999=1000,4844,4962,9999$
1000,4866,4128,9999=1000,4128,4866,9999$
1000,9677,9860,9999=1000,9677,9860,9999$
1000,8609,8868,9999=1000,8609,8868,9999$
1000,8039,8755,9999=1000,8039,8755,9999$
1000,3976,3829,9999=1000,3829,3976,9999$
1000,1715,1870,9999=1000,1715,1870,9999$
1000,7558,7934,9999=1000,7558,7934,9999$
1000,5817,5985,9999=1000,5817,5985,9999$
1000,2402,2314,9999=1000,2314,2402,9999$
1000,3774,3317,9999=1000,3317,3774,9999$
1000,3591,3212,9999=1000,3212,3591,9999$
1000,5394,5463,9999=1000,5394,5463,9999$
1000,5698,5019,9999=1000,5019,5698,9999$
1000,6717,6098,9999=1000,6098,6717,9999$
1000,7758,7689,9999=1000,7689,7758,9999$
1000,9474,9783,9999=1000,9474,9783,9999$
1000,5870,5638,9999=1000,5638,5870,9999$
1000,6429,6784,9999=1000,6429,6784,9999$
1000,5483,5309,9999=1000,5309,5483,9999$
1000,7977,7798,9999=1000,7798,7977,9999$
1000,2349,2635,9999=1000,2349,2635,9999$
1000,9889,9955,9999=1000,9889,9955,9999$
1000,5344,5651,9999=1000,5344,5651,9999$
1000,4835,4981,9999=1000,4835,4981,9999$
1000,5035,5962,9999=1000,5035,5962,9999$
1000,1208,1897,9999=1000,1208,1897,9999$
1000,1793,1942,9999=1000,1793,1942,9999$
1000,5871,5612,9999=1000,5612,5871,9999$
1000,3329,3458,9999=1000,3329,3458,9999$
1000,4788,4966,9999=1000,4788,4966,9999$
1000,1993,1316,9999=1000,1316,1993,9999$
1000,2127,2440,9999=1000,2127,2440,9999$
1000,8398,8674,9999=1000,8398,8674,9999$
1000,2731,2355,9999=1000,2355,2731,9999$
1000,3249,3924,9999=1000,3249,3924,9999$
1000,5479,5814,9999=1000,5479,5814,9999$
1000,9078,9785,9999=1000,9078,9785,9999$
1000,1510,1043,9999=1000,1043,1510,9999$
1000,8786,8279,9999=1000,8279,8786,9999$
1000,8514,8881,9999=1000,8514,8881,9999$
1000,6668,6980,9999=1000,6668,6980,9999$
1000,2659,2940,9999=1000,2659,2940,9999$
1000,8568,8907,9999=1000,8568,8907,9999$
1000,4448,4897,9999=1000,4448,4897,9999$
1000,1990,1439,9999=1000,1439,1990,9999$
1000,7911,7144,9999=1000,7144,7911,9999$
1000,8847,8698,9999=1000,8698,8847,9999$
1000,8886,8921,9999=1000,8886,8921,9999$
1000,7059,7594,9999=1000,7059,7594,9999$
1000,8828,8589,9999=1000,8589,8828,9999$
1000,8856,8337,9999=1000,8337,8856,9999$
1000,7802,7666,9999=1000,7666,7802,9999$
1000,1627,1598,9999=1000,1598,1627,9999$
1000,9972,9603,9999=1000,9603,9972,9999$
1000,8941,8667,9999=1000,8667,8941,9999$
1000,9861,9755,9999=1000,9755,9861,9999$
1000,5138,5317,9999=1000,5138,5317,9999$
1000,5008,5515,9999=1000,5008,5515,9999$
1000,7422,7243,9999=1000,7243,7422,9999$
1000,7299,7437,9999=1000,7299,7437,9999$
1000,8948,8709,9999=1000,8709,8948,9999$
1000,2874,2458,9999=1000,2458,2874,9999$
1000,5536,5179,9999=1000,5179,5536,9999$
1000,6596,6448,9999=1000,6448,6596,9999$
1000,1993,1708,9999=1000,1708,1993,9999$
1000,6831,6242,9999=1000,6242,6831,9999$
1000,5374,5207,9999=1000,5207,5374,9999$
1000,7829,7948,9999=1000,7829,7948,9999$
1000,3741,3489,9999=1000,3489,3741,9999$
1000,2925,2646,9999=1000,2646,2925,9999$
1000,7904,7759,9999=1000,7759,7904,9999$
1000,7858,7719,9999=1000,7719,7858,9999$
1000,4811,4484,9999=1000,4484,4811,9999$
1000,1303,1158,9999=1000,1158,1303,9999$
1000,3866,3982,9999=1000,3866,3982,9999$
1000,2575,2467,9999=1000,2467,2575,9999$
1000,8778,8139,9999=1000,8139,8778,9999$
1000,1165,1941,9999=1000,1165,1941,9999$
1000,1204,1963,9999=1000,1204,1963,9999$
1000,9632,9349,9999=1000,9349,9632,9999$
1000,1942,1823,9999=1000,1823,1942,9999$
1000,1326,1805,9999=1000,1326,1805,9999$
1000,3643,3901,9999=1000,3643,3901,9999$
1000,8978,8159,9999=1000,8159,8978,9999$
1000,1089,1147,9999=1000,1089,1147,9999$
1000,7811,7787,9999=1000,7787,7811,9999$
1000,3819,3936,9999=1000,3819,3936,9999$
1000,9741,9685,9999=1000,9685,9741,9999$
1000,7779,7936,9999=1000,7779,7936,9999$
1000,2458,2772,9999=1000,2458,2772,9999$
1000,8811,8127,9999=1000,8127,8811,9999$
1000,3981,3808,9999=1000,3808,3981,9999$
1000,6761,6405,9999=1000,6405,6761,9999$
1000,3871,3536,9999=1000,3536,3871,9999$
1000,4964,4895,9999=1000,4895,4964,9999$
1000,3642,3559,9999=1000,3559,3642,9999$
1000,3099,3268,9999=1000,3099,3268,9999$
1000,7566,7885,9999=1000,7566,7885,9999$
1000,1224,1038,9999=1000,1038,1224,9999$
1000,7377,7881,9999=1000,7377,7881,9999$
1000,7910,7754,9999=1000,7754,7910,9999$
1000,7499,7602,9999=1000,7499,7602,9999$
1000,5744,5962,9999=1000,5744,5962,9999$
1000,7686,7539,9999=1000,7539,7686,9999$
1000,1169,1706,9999=1000,1169,1706,9999$
1000,7069,7642,9999=1000,7069,7642,9999$
1000,8159,8516,9999=1000,8159,8516,9999$
1000,7486,7713,9999=1000,7486,7713,9999$
1000,3915,3898,9999=1000,3898,3915,9999$
1000,3339,3512,9999=1000,3339,3512,9999$
1000,2727,2985,9999=1000,2727,2985,9999$
1000,8416,8780,9999=1000,8416,8780,9999$
1000,9018,9155,9999=1000,9018,9155,9999$
1000,2818,2997,9999=1000,2818,2997,9999$
1000,6891,6077,9999=1000,6077,6891,9999$
1000,2789,2928,9999=1000,2789,2928,9999$
1000,6556,6645,9999=1000,6556,6645,9999$
1000,6712,6495,9999=1000,6495,6712,9999$
1000,2892,2427,9999=1000,2427,2892,9999$
1000,2549,2798,9999=1000,2549,2798,9999$
1000,7486,7653,9999=1000,7486,7653,9999$
1000,8334,8245,9999=1000,8245,8334,9999$
1000,9587,9796,9999=1000,9587,9796,9999$
1000,3725,3037,9999=1000,3037,3725,9999$
1000,8898,8749,9999=1000,8749,8898,9999$
1000,5778,5934,9999=1000,5778,5934,9999$
1000,9882,9369,9999=1000,9369,9882,9999$
1000,5908,5889,9999=1000,5889,5908,9999$
1000,5817,5936,9999=1000,5817,5936,9999$
1000,4776,4659,9999=1000,4659,4776,9999$
1000,6730,6576,9999=1000,6576,6730,9999$
1000,2459,2822,9999=1000,2459,2822,9999$
1000,8573,8005,9999=1000,8005,8573,9999$
1000,9495,9684,9999=1000,9495,9684,9999$
1000,1831,1779,9999=1000,1779,1831,9999$
1000,9506,9297,9999=1000,9297,9506,9999$
1000,6132,6771,9999=1000,6132,6771,9999$
1000,7870,7506,9999=1000,7506,7870,9999$
1000,2752,2133,9999=1000,2133,2752,9999$
1000,6987,6259,9999=1000,6259,6987,9999$
1000,3824,3716,9999=1000,3716,3824,9999$
1000,1439,1906,9999=1000,1439,1906,9999$
1000,8645,8306,9999=1000,8306,8645,9999$
1000,6847,6619,9999=1000,6619,6847,9999$
1000,6821,6588,9999=1000,6588,6821,9999$
1000,2661,2527,9999=1000,2527,2661,9999$
1000,5747,5689,9999=1000,5689,5747,9999$
1000,8800,8662,9999=1000,8662,8800,9999$
1000,7352,7299,9999=1000,7299,7352,9999$
1000,8509,8836,9999=1000,8509,8836,9999$
1000,1897,1528,9999=1000,1528,1897,9999$
1000,3482,3651,9999=1000,3482,3651,9999$
1000,3877,3994,9999=1000,3877,3994,9999$
1000,8831,8754,9999=1000,8754,8831,9999$
1000,2875,2728,9999=1000,2728,2875,9999$
1000,2489,2692,9999=1000,2489,2692,9999$
1000,6387,6533,9999=1000,6387,6533,9999$
1000,1851,1793,9999=1000,1793,1851,9999$
1000,5961,5684,9999=1000,5684,5961,9999$
1000,6819,6982,9999=1000,6819,6982,9999$
1000,9698,9229,9999=1000,9229,9698,9999$
1000,2286,2523,9999=1000,2286,2523,9999$
1000,9848,9912,9999=1000,9848,9912,9999$
1000,5294,5782,9999=1000,5294,5782,9999$
1000,6290,6005,9999=1000,6005,6290,9999$
1000,4898,4069,9999=1000,4069,4898,9999$
1000,5877,5638,9999=1000,5638,5877,9999$
1000,1727,1885,9999=1000,1727,1885,9999$
1000,6955,6266,9999=1000,6266,6955,9999$
1000,6733,6882,9999=1000,6733,6882,9999$
1000,1742,1679,9999=1000,1679,1742,9999$
1000,6299,6658,9999=1000,6299,6658,9999$
1000,8648,8987,9999=1000,8648,8987,9999$
1000,4499,4857,9999=1000,4499,4857,9999$
1000,9408,9726,9999=1000,9408,9726,9999$
1000,1668,1309,9999=1000,1309,1668,9999$
1000,2864,2991,9999=1000,2864,2991,9999$
1000,2862,2554,9999=1000,2554,2862,9999$
1000,9069,9395,9999=1000,9069,9395,9999$
1000,9975,9828,9999=1000,9828,9975,9999$
1000,3964,3848,9999=1000,3848,3964,9999$
1000,1954,1665,9999=1000,1665,1954,9999$
1000,8848,8739,9999=1000,8739,8848,9999$
1000,3530,3108,9999=1000,3108,3530,9999$
1000,6369,6728,9999=1000,6369,6728,9999$
1000,1529,1998,9999=1000,1529,1998,9999$
1000,6824,6589,9999=1000,6589,6824,9999$
1000,8437,8644,9999=1000,8437,8644,9999$
1000,4875,4954,9999=1000,4875,4954,9999$
1000,9560,9275,9999=1000,9275,9560,9999$
1000,2853,2788,9999=1000,2788,2853,9999$
1000,5389,5540,9999=1000,5389,5540,9999$
1000,4534,4901,9999=1000,4534,4901,9999$
1000,1786,1923,9999=1000,1786,1923,9999$
1000,6548,6109,9999=1000,6109,6548,9999$
1000,3767,3028,9999=1000,3028,3767,9999$
1000,5108,5714,9999=1000,5108,5714,9999$
1000,9988,9279,9999=1000,9279,9988,9999$
1000,5733,5912,9999=1000,5733,5912,9999$
1000,6649,6838,9999=1000,6649,6838,9999$
1000,2267,2615,9999=1000,2267,2615,9999$
1000,1449,1774,9999=1000,1449,1774,9999$
1000,1247,1069,9999=1000,1069,1247,9999$
1000,3564,3497,9999=1000,3497,3564,9999$
1000,4739,4926,9999=1000,4739,4926,9999$
1000,9571,9399,9999=1000,9399,9571,9999$
1000,9258,9119,9999=1000,9119,9258,9999$
1000,9825,9931,9999=1000,9825,9931,9999$
1000,8017,8892,9999=1000,8017,8892,9999$
1000,7576,7408,9999=1000,7408,7576,9999$
1000,1539,1618,9999=1000,1539,1618,9999$
1000,2279,2902,9999=1000,2279,2902,9999$
1000,7654,7871,9999=1000,7654,7871,9999$
1000,6912,6638,9999=1000,6638,6912,9999$
1000,4908,4719,9999=1000,4719,4908,9999$
1000,4432,4681,9999=1000,4432,4681,9999$
1000,7198,7300,9999=1000,7198,7300,9999$
1000,1334,1803,9999=1000,1334,1803,9999$
1000,3586,3843,9999=1000,3586,3843,9999$
1000,3489,3538,9999=1000,3489,3538,9999$
1000,7589,7978,9999=1000,7589,7978,9999$
1000,7269,7928,9999=1000,7269,7928,9999$
1000,4937,4258,9999=1000,4258,4937,9999$
1000,9663,9276,9999=1000,9276,9663,9999$
1000,4658,4519,9999=1000,4519,4658,9999$
1000,1243,1078,9999=1000,1078,1243,9999$
1000,9534,9880,9999=1000,9534,9880,9999$
1000,4713,4388,9999=1000,4388,4713,9999$
1000,6547,6874,9999=1000,6547,6874,9999$
1000,9776,9983,9999=1000,9776,9983,9999$
1000,6962,6303,9999=1000,6303,6962,9999$
1000,5387,5663,9999=1000,5387,5663,9999$
1000,4877,4599,9999=1000,4599,4877,9999$
1000,8827,8962,9999=1000,8827,8962,9999$
1000,1280,1107,9999=1000,1107,1280,9999$
1000,3438,3019,9999=1000,3019,3438,9999$
1000,6108,6089,9999=1000,6089,6108,9999$
1000,1900,1899,9999=1000,1899,1900,9999$
1000,7923,7815,9999=1000,7815,7923,9999$
1000,9649,9765,9999=1000,9649,9765,9999$
1000,8691,8332,9999=1000,8332,8691,9999$
1000,2763,2870,9999=1000,2763,2870,9999$
1000,2678,2569,9999=1000,2569,2678,9999$
1000,4139,4688,9999=1000,4139,4688,9999$
1000,3956,3207,9999=1000,3207,3956,9999$
1000,5928,5649,9999=1000,5649,5928,9999$
1000,7621,7518,9999=1000,7518,7621,9999$
1000,4810,4665,9999=1000,4665,4810,9999$
1000,8678,8832,9999=1000,8678,8832,9999$
1000,7314,7156,9999=1000,7156,7314,9999$
1000,7125,7370,9999=1000,7125,7370,9999$
1000,8158,8446,9999=1000,8158,8446,9999$
1000,9086,9295,9999=1000,9086,9295,9999$
1000,6669,6708,9999=1000,6669,6708,9999$
1000,9428,9774,9999=1000,9428,9774,9999$
1000,3618,3837,9999=1000,3618,3837,9999$
1000,6847,6738,9999=1000,6738,6847,9999$
1000,3945,3509,9999=1000,3509,3945,9999$
1000,6367,6725,9999=1000,6367,6725,9999$
1000,7855,7749,9999=1000,7749,7855,9999$
1000,5369,5858,9999=1000,5369,5858,9999$
1000,9704,9385,9999=1000,9385,9704,9999$
1000,7672,7328,9999=1000,7328,7672,9999$
1000,7769,7918,9999=1000,7769,7918,9999$
1000,9901,9865,9999=1000,9865,9901,9999$
1000,6826,6607,9999=1000,6607,6826,9999$
1000,1819,1957,9999=1000,1819,1957,9999$
1000,7076,7891,9999=1000,7076,7891,9999$
1000,7514,7227,9999=1000,7227,7514,9999$
1000,8739,8897,9999=1000,8739,8897,9999$
1000,6116,6255,9999=1000,6116,6255,9999$
1000,3239,3598,9999=1000,3239,3598,9999$
1000,8836,8278,9999=1000,8278,8836,9999$
1000,1694,1830,9999=1000,1694,1830,9999$
1000,4945,4818,9999=1000,4818,4945,9999$
1000,4779,4916,9999=1000,4779,4916,9999$
1000,7799,7814,9999=1000,7799,7814,9999$
1000,2425,2562,9999=1000,2425,2562,9999$
1000,3288,3766,9999=1000,3288,3766,9999$
1000,3772,3296,9999=1000,3296,3772,9999$
1000,5726,5835,9999=1000,5726,5835,9999$
1000,8926,8849,9999=1000,8849,8926,9999$
1000,8166,8283,9999=1000,8166,8283,9999$
1000,1947,1239,9999=1000,1239,1947,9999$
1000,9985,9416,9999=1000,9416,9985,9999$
1000,8584,8135,9999=1000,8135,8584,9999$
1000,8941,8165,9999=1000,8165,8941,9999$
1000,4792,4659,9999=1000,4659,4792,9999$
1000,4938,4809,9999=1000,4809,4938,9999$
1000,6942,6859,9999=1000,6859,6942,9999$
1000,7802,7254,9999=1000,7254,7802,9999$
1000,3852,3637,9999=1000,3637,3852,9999$
1000,5169,5878,9999=1000,5169,5878,9999$
1000,6079,6287,9999=1000,6079,6287,9999$
1000,2689,2767,9999=1000,2689,2767,9999$
1000,6747,6269,9999=1000,6269,6747,9999$
1000,1801,1724,9999=1000,1724,1801,9999$
1000,8772,8608,9999=1000,8608,8772,9999$
1000,5527,5851,9999=1000,5527,5851,9999$
1000,3701,3373,9999=1000,3373,3701,9999$
1000,1338,1887,9999=1000,1338,1887,9999$
1000,1952,1616,9999=1000,1616,1952,9999$
1000,2138,2375,9999=1000,2138,2375,9999$
1000,5822,5273,9999=1000,5273,5822,9999$
1000,9695,9207,9999=1000,9207,9695,9999$
1000,3362,3189,9999=1000,3189,3362,9999$
1000,2694,2862,9999=1000,2694,2862,9999$
1000,5514,5446,9999=1000,5446,5514,9999$
1000,9694,9880,9999=1000,9694,9880,9999$
1000,8168,8215,9999=1000,8168,8215,9999$
1000,3268,3977,9999=1000,3268,3977,9999$
1000,1397,1410,9999=1000,1397,1410,9999$
1000,9946,9697,9999=1000,9697,9946,9999$
1000,9489,9528,9999=1000,9489,9528,9999$
1000,3189,3656,9999=1000,3189,3656,9999$
1000,4608,4747,9999=1000,4608,4747,9999$
1000,5223,5810,9999=1000,5223,5810,9999$
1000,8655,8497,9999=1000,8497,8655,9999$
1000,5619,5808,9999=1000,5619,5808,9999$
1000,5898,5910,9999=1000,5898,5910,9999$
1000,3159,3323,9999=1000,3159,3323,9999$
1000,9400,9018,9999=1000,9018,9400,9999$
1000,6067,6926,9999=1000,6067,6926,9999$
1000,6831,6577,9999=1000,6577,6831,9999$
1000,2887,2906,9999=1000,2887,2906,9999$
1000,8846,8950,9999=1000,8846,8950,9999$
1000,4745,4359,9999=1000,4359,4745,9999$
1000,4688,4733,9999=1000,4688,4733,9999$
1000,6605,6964,9999=1000,6605,6964,9999$
1000,4085,4334,9999=1000,4085,4334,9999$
1000,1533,1991,9999=1000,1533,1991,9999$
1000,9024,9772,9999=1000,9024,9772,9999$
1000,5945,5668,9999=1000,5668,5945,9999$
1000,8344,8531,9999=1000,8344,8531,9999$
1000,2629,2788,9999=1000,2629,2788,9999$
1000,4179,4342,9999=1000,4179,4342,9999$
1000,5595,5701,9999=1000,5595,5701,9999$
1000,6463,6792,9999=1000,6463,6792,9999$
1000,7477,7398,9999=1000,7398,7477,9999$
1000,3317,3503,9999=1000,3317,3503,9999$
1000,6211,6155,9999=1000,6155,6211,9999$
1000,8620,8518,9999=1000,8518,8620,9999$
1000,1820,1677,9999=1000,1677,1820,9999$
1000,7228,7564,9999=1000,7228,7564,9999$
1000,3908,3749,9999=1000,3749,3908,9999$
1000,1619,1758,9999=1000,1619,1758,9999$
1000,9908,9579,9999=1000,9579,9908,9999$
1000,6496,6680,9999=1000,6496,6680,9999$
1000,4705,4953,9999=1000,4705,4953,9999$
1000,2038,2446,9999=1000,2038,2446,9999$
1000,3625,3547,9999=1000,3547,3625,9999$
1000,4772,4891,9999=1000,4772,4891,9999$
1000,4797,4835,9999=1000,4797,4835,9999$
1000,3650,3523,9999=1000,3523,3650,9999$
1000,3716,3199,9999=1000,3199,3716,9999$
1000,2259,2846,9999=1000,2259,2846,9999$
1000,8953,8829,9999=1000,8829,8953,9999$
1000,3662,3448,9999=1000,3448,3662,9999$
1000,1395,1067,9999=1000,1067,1395,9999$
1000,2178,2525,9999=1000,2178,2525,9999$
1000,3419,3663,9999=1000,3419,3663,9999$
1000,2156,2048,9999=1000,2048,2156,9999$
1000,7629,7878,9999=1000,7629,7878,9999$
1000,2175,2234,9999=1000,2175,2234,9999$
1000,6248,6612,9999=1000,6248,6612,9999$
1000,2789,2816,9999=1000,2789,2816,9999$
1000,3195,3763,9999=1000,3195,3763,9999$
1000,7484,7793,9999=1000,7484,7793,9999$
1000,1365,1296,9999=1000,1296,1365,9999$
1000,7811,7752,9999=1000,7752,7811,9999$
1000,4824,4758,9999=1000,4758,4824,9999$
1000,8875,8942,9999=1000,8875,8942,9999$
1000,7459,7827,9999=1000,7459,7827,9999$
1000,4149,4305,9999=1000,4149,4305,9999$
1000,4988,4809,9999=1000,4809,4988,9999$
1000,4079,4948,9999=1000,4079,4948,9999$
1000,2473,2225,9999=1000,2225,2473,9999$
1000,1762,1619,9999=1000,1619,1762,9999$
1000,5859,5918,9999=1000,5859,5918,9999$
1000,5986,5077,9999=1000,5077,5986,9999$
1000,7321,7136,9999=1000,7136,7321,9999$
1000,9753,9970,9999=1000,9753,9970,9999$
1000,5766,5628,9999=1000,5628,5766,9999$
1000,4605,4588,9999=1000,4588,4605,9999$
1000,5542,5185,9999=1000,5185,5542,9999$
1000,8557,8148,9999=1000,8148,8557,9999$
1000,7972,7093,9999=1000,7093,7972,9999$
1000,5884,5962,9999=1000,5884,5962,9999$
1000,4006,4643,9999=1000,4006,4643,9999$
1000,6176,6293,9999=1000,6176,6293,9999$
1000,8797,8975,9999=1000,8797,8975,9999$
1000,5015,5353,9999=1000,5015,5353,9999$
1000,4930,4858,9999=1000,4858,4930,9999$
1000,3428,3706,9999=1000,3428,3706,9999$
1000,6479,6946,9999=1000,6479,6946,9999$
1000,2804,2595,9999=1000,2595,2804,9999$
1000,8814,8567,9999=1000,8567,8814,9999$
1000,4725,4097,9999=1000,4097,4725,9999$
1000,1679,1846,9999=1000,1679,1846,9999$
1000,1399,1938,9999=1000,1399,1938,9999$
1000,6984,6845,9999=1000,6845,6984,9999$
1000,8925,8856,9999=1000,8856,8925,9999$
1000,4855,4438,9999=1000,4438,4855,9999$
1000,5192,5940,9999=1000,5192,5940,9999$
1000,8638,8994,9999=1000,8638,8994,9999$
1000,1927,1538,9999=1000,1538,1927,9999$
1000,6221,6510,9999=1000,6221,6510,9999$
1000,8742,8236,9999=1000,8236,8742,9999$
1000,2827,2679,9999=1000,2679,2827,9999$
1000,1507,1695,9999=1000,1507,1695,9999$
1000,1503,1842,9999=1000,1503,1842,9999$
1000,7088,7544,9999=1000,7088,7544,9999$
1000,9299,9587,9999=1000,9299,9587,9999$
1000,4324,4972,9999=1000,4324,4972,9999$
1000,1599,1686,9999=1000,1599,1686,9999$
1000,5280,5001,9999=1000,5001,5280,9999$
1000,2868,2987,9999=1000,2868,2987,9999$
1000,4106,4652,9999=1000,4106,4652,9999$
1000,2188,2913,9999=1000,2188,2913,9999$
1000,4944,4596,9999=1000,4596,4944,9999$
1000,1983,1774,9999=1000,1774,1983,9999$
1000,1811,1723,9999=1000,1723,1811,9999$
1000,2448,2737,9999=1000,2448,2737,9999$
1000,2826,2509,9999=1000,2509,2826,9999$
1000,2215,2802,9999=1000,2215,2802,9999$
1000,6775,6147,9999=1000,6147,6775,9999$
1000,2867,2479,9999=1000,2479,2867,9999$
1000,3311,3038,9999=1000,3038,3311,9999$
1000,8693,8870,9999=1000,8693,8870,9999$
1000,8871,8716,9999=1000,8716,8871,9999$
1000,6905,6396,9999=1000,6396,6905,9999$
1000,7639,7788,9999=1000,7639,7788,9999$
1000,1821,1799,9999=1000,1799,1821,9999$
1000,6933,6068,9999=1000,6068,6933,9999$
1000,7769,7931,9999=1000,7769,7931,9999$
1000,8256,8018,9999=1000,8018,8256,9999$
1000,1189,1698,9999=1000,1189,1698,9999$
1000,8755,8369,9999=1000,8369,8755,9999$
1000,6378,6415,9999=1000,6378,6415,9999$
1000,5186,5292,9999=1000,5186,5292,9999$
1000,3368,3511,9999=1000,3368,3511,9999$
1000,4870,4132,9999=1000,4132,4870,9999$
1000,8779,8898,9999=1000,8779,8898,9999$
1000,9862,9288,9999=1000,9288,9862,9999$
1000,3916,3579,9999=1000,3579,3916,9999$
1000,4842,4474,9999=1000,4474,4842,9999$
1000,7899,7988,9999=1000,7899,7988,9999$
1000,4832,4257,9999=1000,4257,4832,9999$
1000,9956,9819,9999=1000,9819,9956,9999$
1000,9940,9877,9999=1000,9877,9940,9999$
1000,3206,3514,9999=1000,3206,3514,9999$
1000,1647,1038,9999=1000,1038,1647,9999$
1000,9837,9990,9999=1000,9837,9990,9999$
1000,7164,7056,9999=1000,7056,7164,9999$
1000,8933,8866,9999=1000,8866,8933,9999$
1000,8229,8818,9999=1000,8229,8818,9999$
1000,7407,7672,9999=1000,7407,7672,9999$
1000,5205,5362,9999=1000,5205,5362,9999$
1000,1897,1941,9999=1000,1897,1941,9999$
1000,9936,9829,9999=1000,9829,9936,9999$
1000,9368,9915,9999=1000,9368,9915,9999$
1000,6948,6839,9999=1000,6839,6948,9999$
1000,2359,2485,9999=1000,2359,2485,9999$
1000,2568,2449,9999=1000,2449,2568,9999$
1000,9486,9675,9999=1000,9486,9675,9999$
1000,2523,2199,9999=1000,2199,2523,9999$
1000,7911,7644,9999=1000,7644,7911,9999$
1000,1179,1252,9999=1000,1179,1252,9999$
1000,5686,5318,9999=1000,5318,5686,9999$
1000,8662,8971,9999=1000,8662,8971,9999$
1000,2798,2109,9999=1000,2109,2798,9999$
1000,5749,5916,9999=1000,5749,5916,9999$
1000,1876,1229,9999=1000,1229,1876,9999$
1000,5628,5559,9999=1000,5559,5628,9999$
1000,2908,2619,9999=1000,2619,2908,9999$
1000,5834,5962,9999=1000,5834,5962,9999$
1000,4299,4840,9999=1000,4299,4840,9999$
1000,8185,8611,9999=1000,8185,8611,9999$
1000,8359,8464,9999=1000,8359,8464,9999$
1000,2537,2862,9999=1000,2537,2862,9999$
1000,6559,6773,9999=1000,6559,6773,9999$
1000,7549,7967,9999=1000,7549,7967,9999$
1000,6841,6286,9999=1000,6286,6841,9999$
1000,3189,3330,9999=1000,3189,3330,9999$
1000,1498,1369,9999=1000,1369,1498,9999$
1000,9586,9277,9999=1000,9277,9586,9999$
1000,5825,5186,9999=1000,5186,5825,9999$
1000,4692,4224,9999=1000,4224,4692,9999$
1000,3776,3851,9999=1000,3776,3851,9999$
1000,6936,6808,9999=1000,6808,6936,9999$
1000,8608,8519,9999=1000,8519,8608,9999$
1000,5996,5688,9999=1000,5688,5996,9999$
1000,2388,2846,9999=1000,2388,2846,9999$
1000,6972,6086,9999=1000,6086,6972,9999$
1000,3632,3414,9999=1000,3414,3632,9999$
1000,3851,3619,9999=1000,3619,3851,9999$
1000,8773,8634,9999=1000,8634,8773,9999$
1000,3893,3922,9999=1000,3893,3922,9999$
1000,3940,3625,9999=1000,3625,3940,9999$
1000,2932,2784,9999=1000,2784,2932,9999$
1000,7798,7229,9999=1000,7229,7798,9999$
1000,3556,3188,9999=1000,3188,3556,9999$
1000,3817,3902,9999=1000,3817,3902,9999$
1000,2928,2089,9999=1000,2089,2928,9999$
1000,2976,2829,9999=1000,2829,2976,9999$
1000,7757,7609,9999=1000,7609,7757,9999$
1000,6494,6813,9999=1000,6494,6813,9999$
1000,5399,5480,9999=1000,5399,5480,9999$
1000,2389,2905,9999=1000,2389,2905,9999$
1000,6419,6738,9999=1000,6419,6738,9999$
1000,6796,6649,9999=1000,6649,6796,9999$
1000,9877,9924,9999=1000,9877,9924,9999$
1000,6567,6128,9999=1000,6128,6567,9999$
1000,2536,2692,9999=1000,2536,2692,9999$
1000,1616,1731,9999=1000,1616,1731,9999$
1000,4858,4619,9999=1000,4619,4858,9999$
1000,1329,1988,9999=1000,1329,1988,9999$
1000,4802,4398,9999=1000,4398,4802,9999$
1000,1354,1238,9999=1000,1238,1354,9999$
1000,6961,6873,9999=1000,6873,6961,9999$
1000,9844,9596,9999=1000,9596,9844,9999$
1000,4676,4469,9999=1000,4469,4676,9999$
1000,2688,2519,9999=1000,2519,2688,9999$
1000,9997,9648,9999=1000,9648,9997,9999$
1000,6871,6086,9999=1000,6086,6871,9999$
1000,2666,2338,9999=1000,2338,2666,9999$
1000,9684,9405,9999=1000,9405,9684,9999$
1000,7655,7218,9999=1000,7218,7655,9999$
1000,4395,4743,9999=1000,4395,4743,9999$
1000,4347,4835,9999=1000,4347,4835,9999$
1000,2818,2729,9999=1000,2729,2818,9999$
1000,8459,8862,9999=1000,8459,8862,9999$
1000,9249,9378,9999=1000,9249,9378,9999$
1000,8982,8606,9999=1000,8606,8982,9999$
1000,2087,2173,9999=1000,2087,2173,9999$
1000,2658,2469,9999=1000,2469,2658,9999$
1000,4842,4586,9999=1000,4586,4842,9999$
1000,7836,7578,9999=1000,7578,7836,9999$
1000,8424,8336,9999=1000,8336,8424,9999$
1000,9263,9670,9999=1000,9263,9670,9999$
1000,7977,7829,9999=1000,7829,7977,9999$
1000,5286,5303,9999=1000,5286,5303,9999$
1000,8715,8488,9999=1000,8488,8715,9999$
1000,6309,6878,9999=1000,6309,6878,9999$
1000,5951,5768,9999=1000,5768,5951,9999$
1000,5976,5527,9999=1000,5527,5976,9999$
1000,2529,2864,9999=1000,2529,2864,9999$
1000,7946,7587,9999=1000,7587,7946,9999$
1000,3503,3435,9999=1000,3435,3503,9999$
1000,7717,7820,9999=1000,7717,7820,9999$
1000,9218,9326,9999=1000,9218,9326,9999$
1000,4239,4458,9999=1000,4239,4458,9999$
1000,1907,1569,9999=1000,1569,1907,9999$
1000,9977,9829,9999=1000,9829,9977,9999$
1000,9881,9749,9999=1000,9749,9881,9999$
1000,5459,5570,9999=1000,5459,5570,9999$
1000,3059,3847,9999=1000,3059,3847,9999$
1000,1965,1047,9999=1000,1047,1965,9999$
1000,7288,7866,9999=1000,7288,7866,9999$
1000,4347,4814,9999=1000,4347,4814,9999$
1000,9145,9472,9999=1000,9145,9472,9999$
1000,2776,2885,9999=1000,2776,2885,9999$
1000,3106,3694,9999=1000,3106,3694,9999$
1000,8006,8843,9999=1000,8006,8843,9999$
1000,7845,7786,9999=1000,7786,7845,9999$
1000,3902,3154,9999=1000,3154,3902,9999$
1000,5368,5707,9999=1000,5368,5707,9999$
1000,1537,1189,9999=1000,1189,1537,9999$
1000,5958,5029,9999=1000,5029,5958,9999$
1000,5075,5441,9999=1000,5075,5441,9999$
1000,7458,7901,9999=1000,7458,7901,9999$
1000,4805,4716,9999=1000,4716,4805,9999$
1000,4526,4680,9999=1000,4526,4680,9999$
1000,3389,3618,9999=1000,3389,3618,9999$
1000,8734,8505,9999=1000,8505,8734,9999$
1000,8777,8892,9999=1000,8777,8892,9999$
1000,6854,6981,9999=1000,6854,6981,9999$
1000,8848,8759,9999=1000,8759,8848,9999$
1000,3601,3368,9999=1000,3368,3601,9999$
1000,4784,4277,9999=1000,4277,4784,9999$
1000,7154,7212,9999=1000,7154,7212,9999$
1000,1139,1216,9999=1000,1139,1216,9999$
1000,8382,8841,9999=1000,8382,8841,9999$
1000,4079,4618,9999=1000,4079,4618,9999$
1000,6601,6155,9999=1000,6155,6601,9999$
1000,9913,9825,9999=1000,9825,9913,9999$
1000,9931,9827,9999=1000,9827,9931,9999$
1000,8269,8716,9999=1000,8269,8716,9999$
1000,6925,6798,9999=1000,6798,6925,9999$
1000,6768,6579,9999=1000,6579,6768,9999$
1000,7787,7946,9999=1000,7787,7946,9999$
1000,1544,1406,9999=1000,1406,1544,9999$
1000,4958,4409,9999=1000,4409,4958,9999$
1000,2207,2585,9999=1000,2207,2585,9999$
1000,4649,4953,9999=1000,4649,4953,9999$
1000,2157,2680,9999=1000,2157,2680,9999$
1000,2605,2861,9999=1000,2605,2861,9999$
1000,1069,1608,9999=1000,1069,1608,9999$
1000,6689,6838,9999=1000,6689,6838,9999$
1000,4465,4246,9999=1000,4246,4465,9999$
1000,8596,8409,9999=1000,8409,8596,9999$
1000,7329,7736,9999=1000,7329,7736,9999$
1000,4188,4696,9999=1000,4188,4696,9999$
1000,2518,2775,9999=1000,2518,2775,9999$
1000,1847,1728,9999=1000,1728,1847,9999$
1000,4134,4360,9999=1000,4134,4360,9999$
1000,3149,3607,9999=1000,3149,3607,9999$
1000,1558,1339,9999=1000,1339,1558,9999$
1000,9778,9029,9999=1000,9029,9778,9999$
1000,5428,5507,9999=1000,5428,5507,9999$
1000,2660,2545,9999=1000,2545,2660,9999$
1000,7737,7178,9999=1000,7178,7737,9999$
1000,3930,3894,9999=1000,3894,3930,9999$
1000,9248,9365,9999=1000,9248,9365,9999$
1000,6940,6835,9999=1000,6835,6940,9999$
1000,7505,7399,9999=1000,7399,7505,9999$
1000,3713,3378,9999=1000,3378,3713,9999$
1000,3968,3549,9999=1000,3549,3968,9999$
1000,4524,4399,9999=1000,4399,4524,9999$
1000,3561,3223,9999=1000,3223,3561,9999$
1000,3956,3528,9999=1000,3528,3956,9999$
1000,8442,8123,9999=1000,8123,8442,9999$
1000,5990,5336,9999=1000,5336,5990,9999$
1000,2972,2729,9999=1000,2729,2972,9999$
1000,7377,7580,9999=1000,7377,7580,9999$
1000,1344,1571,9999=1000,1344,1571,9999$
1000,8896,8778,9999=1000,8778,8896,9999$
1000,1998,1669,9999=1000,1669,1998,9999$
1000,9019,9488,9999=1000,9019,9488,9999$
1000,1484,1068,9999=1000,1068,1484,9999$
1000,7649,7850,9999=1000,7649,7850,9999$
1000,3879,3982,9999=1000,3879,3982,9999$
1000,9726,9872,9999=1000,9726,9872,9999$
1000,4273,4811,9999=1000,4273,4811,9999$
1000,2679,2958,9999=1000,2679,2958,9999$
1000,7284,7562,9999=1000,7284,7562,9999$
1000,3426,3804,9999=1000,3426,3804,9999$
1000,2429,2547,9999=1000,2429,2547,9999$
1000,8883,8708,9999=1000,8708,8883,9999$
1000,8079,8468,9999=1000,8079,8468,9999$
1000,9033,9600,9999=1000,9033,9600,9999$
1000,1198,1241,9999=1000,1198,1241,9999$
1000,3927,3859,9999=1000,3859,3927,9999$
1000,1619,1756,9999=1000,1619,1756,9999$
1000,2449,2788,9999=1000,2449,2788,9999$
1000,9337,9149,9999=1000,9149,9337,9999$
1000,7599,7757,9999=1000,7599,7757,9999$
1000,8421,8342,9999=1000,8342,8421,9999$
1000,8810,8646,9999=1000,8646,8810,9999$
1000,6387,6934,9999=1000,6387,6934,9999$
1000,2641,2557,9999=1000,2557,2641,9999$
1000,6665,6309,9999=1000,6309,6665,9999$
1000,8709,8937,9999=1000,8709,8937,9999$
1000,1683,1548,9999=1000,1548,1683,9999$
1000,6555,6419,9999=1000,6419,6555,9999$
1000,9126,9675,9999=1000,9126,9675,9999$
1000,5369,5617,9999=1000,5369,5617,9999$
1000,4584,4643,9999=1000,4584,4643,9999$
1000,8983,8806,9999=1000,8806,8983,9999$
1000,8981,8244,9999=1000,8244,8981,9999$
1000,4805,4980,9999=1000,4805,4980,9999$
1000,1099,1218,9999=1000,1099,1218,9999$
1000,1693,1345,9999=1000,1345,1693,9999$
1000,5746,5894,9999=1000,5746,5894,9999$
1000,3848,3913,9999=1000,3848,3913,9999$
1000,6485,6953,9999=1000,6485,6953,9999$
1000,2340,2068,9999=1000,2068,2340,9999$
1000,1618,1872,9999=1000,1618,1872,9999$
1000,8399,8958,9999=1000,8399,8958,9999$
1000,8799,8827,9999=1000,8799,8827,9999$
1000,8974,8237,9999=1000,8237,8974,9999$
1000,7927,7568,9999=1000,7568,7927,9999$
1000,2777,2814,9999=1000,2777,2814,9999$
1000,3189,3718,9999=1000,3189,3718,9999$
1000,5688,5773,9999=1000,5688,5773,9999$
1000,3378,3966,9999=1000,3378,3966,9999$
1000,6189,6931,9999=1000,6189,6931,9999$
1000,6586,6217,9999=1000,6217,6586,9999$
1000,2095,2263,9999=1000,2095,2263,9999$
1000,1428,1837,9999=1000,1428,1837,9999$
1000,4855,4446,9999=1000,4446,4855,9999$
1000,1295,1984,9999=1000,1295,1984,9999$
1000,6886,6901,9999=1000,6886,6901,9999$
1000,1935,1679,9999=1000,1679,1935,9999$
1000,7662,7274,9999=1000,7274,7662,9999$
1000,9562,9254,9999=1000,9254,9562,9999$
1000,1713,1902,9999=1000,1713,1902,9999$
1000,3962,3686,9999=1000,3686,3962,9999$
1000,9863,9695,9999=1000,9695,9863,9999$
1000,7998,7309,9999=1000,7309,7998,9999$
1000,7086,7855,9999=1000,7086,7855,9999$
1000,8917,8838,9999=1000,8838,8917,9999$
1000,9196,9610,9999=1000,9196,9610,9999$
1000,9708,9986,9999=1000,9708,9986,9999$
1000,5445,5924,9999=1000,5445,5924,9999$
1000,8990,8425,9999=1000,8425,8990,9999$
1000,8712,8437,9999=1000,8437,8712,9999$
1000,5148,5452,9999=1000,5148,5452,9999$
1000,8359,8722,9999=1000,8359,8722,9999$
1000,9702,9269,9999=1000,9269,9702,9999$
1000,8768,8873,9999=1000,8768,8873,9999$
1000,6202,6156,9999=1000,6156,6202,9999$
1000,7879,7946,9999=1000,7879,7946,9999$
1000,7678,7744,9999=1000,7678,7744,9999$
1000,7258,7099,9999=1000,7099,7258,9999$
1000,7499,7544,9999=1000,7499,7544,9999$
1000,7875,7337,9999=1000,7337,7875,9999$
1000,6286,6107,9999=1000,6107,6286,9999$
1000,9414,9783,9999=1000,9414,9783,9999$
1000,1393,1811,9999=1000,1393,1811,9999$
1000,2295,2322,9999=1000,2295,2322,9999$
1000,5875,5418,9999=1000,5418,5875,9999$
1000,3815,3656,9999=1000,3656,3815,9999$
1000,5747,5826,9999=1000,5747,5826,9999$
1000,8711,8639,9999=1000,8639,8711,9999$
1000,5418,5800,9999=1000,5418,5800,9999$
1000,3605,3419,9999=1000,3419,3605,9999$
1000,1685,1971,9999=1000,1685,1971,9999$
1000,1868,1985,9999=1000,1868,1985,9999$
1000,7509,7627,9999=1000,7509,7627,9999$
1000,4626,4993,9999=1000,4626,4993,9999$
1000,7713,7862,9999=1000,7713,7862,9999$
1000,4109,4647,9999=1000,4109,4647,9999$
1000,1005,1761,9999=1000,1005,1761,9999$
1000,9373,9490,9999=1000,9373,9490,9999$
1000,8402,8083,9999=1000,8083,8402,9999$
1000,3902,3159,9999=1000,3159,3902,9999$
1000,2317,2423,9999=1000,2317,2423,9999$
1000,6867,6955,9999=1000,6867,6955,9999$
1000,1199,1622,9999=1000,1199,1622,9999$
1000,7820,7763,9999=1000,7763,7820,9999$
1000,2891,2062,9999=1000,2062,2891,9999$
1000,1827,1418,9999=1000,1418,1827,9999$
1000,4722,4657,9999=1000,4657,4722,9999$
1000,1695,1129,9999=1000,1129,1695,9999$
1000,1887,1935,9999=1000,1887,1935,9999$
1000,8139,8457,9999=1000,8139,8457,9999$
1000,3527,3803,9999=1000,3527,3803,9999$
1000,5054,5982,9999=1000,5054,5982,9999$
1000,1379,1997,9999=1000,1379,1997,9999$
1000,7134,7763,9999=1000,7134,7763,9999$
1000,4369,4437,9999=1000,4369,4437,9999$
1000,1768,1826,9999=1000,1768,1826,9999$
1000,3675,3437,9999=1000,3437,3675,9999$
1000,1199,1907,9999=1000,1199,1907,9999$
1000,3952,3237,9999=1000,3237,3952,9999$
1000,9838,9913,9999=1000,9838,9913,9999$
1000,8675,8943,9999=1000,8675,8943,9999$
1000,6760,6237,9999=1000,6237,6760,9999$
1000,1906,1889,9999=1000,1889,1906,9999$
1000,7379,7418,9999=1000,7379,7418,9999$
1000,7332,7921,9999=1000,7332,7921,9999$
1000,8847,8028,9999=1000,8028,8847,9999$
1000,7226,7069,9999=1000,7069,7226,9999$
1000,6489,6908,9999=1000,6489,6908,9999$
1000,2995,2056,9999=1000,2056,2995,9999$
1000,2067,2655,9999=1000,2067,2655,9999$
1000,9515,9397,9999=1000,9397,9515,9999$
1000,9913,9386,9999=1000,9386,9913,9999$
1000,6541,6497,9999=1000,6497,6541,9999$
1000,6978,6189,9999=1000,6189,6978,9999$
1000,8597,8158,9999=1000,8158,8597,9999$
1000,2165,2322,9999=1000,2165,2322,9999$
1000,2325,2880,9999=1000,2325,2880,9999$
1000,7685,7820,9999=1000,7685,7820,9999$
1000,4815,4309,9999=1000,4309,4815,9999$
1000,6957,6889,9999=1000,6889,6957,9999$
1000,3745,3328,9999=1000,3328,3745,9999$
1000,1228,1762,9999=1000,1228,1762,9999$
1000,9443,9224,9999=1000,9224,9443,9999$
1000,1558,1723,9999=1000,1558,1723,9999$
1000,1759,1868,9999=1000,1759,1868,9999$
1000,2605,2277,9999=1000,2277,2605,9999$
1000,1489,1894,9999=1000,1489,1894,9999$
1000,3193,3970,9999=1000,3193,3970,9999$
1000,9316,9755,9999=1000,9316,9755,9999$
1000,6603,6344,9999=1000,6344,6603,9999$
1000,2883,2177,9999=1000,2177,2883,9999$
1000,6992,6588,9999=1000,6588,6992,9999$
1000,7458,7775,9999=1000,7458,7775,9999$
1000,8789,8917,9999=1000,8789,8917,9999$
1000,3166,3473,9999=1000,3166,3473,9999$
1000,8687,8750,9999=1000,8687,8750,9999$
1000,5462,5229,9999=1000,5229,5462,9999$
1000,7448,7994,9999=1000,7448,7994,9999$
1000,9077,9334,9999=1000,9077,9334,9999$
1000,8712,8850,9999=1000,8712,8850,9999$
1000,5976,5518,9999=1000,5518,5976,9999$
1000,8512,8067,9999=1000,8067,8512,9999$
1000,1223,1562,9999=1000,1223,1562,9999$
1000,5654,5577,9999=1000,5577,5654,9999$
1000,9214,9991,9999=1000,9214,9991,9999$
1000,9755,9466,9999=1000,9466,9755,9999$
1000,9398,9059,9999=1000,9059,9398,9999$
1000,6275,6363,9999=1000,6275,6363,9999$
1000,9936,9848,9999=1000,9848,9936,9999$
1000,2914,2737,9999=1000,2737,2914,9999$
1000,3774,3595,9999=1000,3595,3774,9999$
1000,2833,2226,9999=1000,2226,2833,9999$
1000,3931,3623,9999=1000,3623,3931,9999$
1000,1179,1268,9999=1000,1179,1268,9999$
1000,8413,8551,9999=1000,8413,8551,9999$
1000,4594,4631,9999=1000,4594,4631,9999$
1000,5899,5958,9999=1000,5899,5958,9999$
1000,2692,2309,9999=1000,2309,2692,9999$
1000,9905,9827,9999=1000,9827,9905,9999$
1000,8813,8638,9999=1000,8638,8813,9999$
1000,4667,4518,9999=1000,4518,4667,9999$
1000,9920,9482,9999=1000,9482,9920,9999$
1000,6778,6917,9999=1000,6778,6917,9999$
1000,9761,9649,9999=1000,9649,9761,9999$
1000,6826,6708,9999=1000,6708,6826,9999$
1000,9614,9921,9999=1000,9614,9921,9999$
1000,2657,2733,9999=1000,2657,2733,9999$
1000,8847,8659,9999=1000,8659,8847,9999$
1000,8786,8841,9999=1000,8786,8841,9999$
1000,8371,8232,9999=1000,8232,8371,9999$
1000,2975,2607,9999=1000,2607,2975,9999$
1000,5997,5818,9999=1000,5818,5997,9999$
1000,5978,5889,9999=1000,5889,5978,9999$
1000,1569,1917,9999=1000,1569,1917,9999$
1000,1607,1439,9999=1000,1439,1607,9999$
1000,3149,3978,9999=1000,3149,3978,9999$
1000,8887,8629,9999=1000,8629,8887,9999$
1000,6048,6365,9999=1000,6048,6365,9999$
1000,1558,1876,9999=1000,1558,1876,9999$
1000,1433,1941,9999=1000,1433,1941,9999$
1000,5818,5960,9999=1000,5818,5960,9999$
1000,7597,7488,9999=1000,7488,7597,9999$
1000,6165,6971,9999=1000,6165,6971,9999$
1000,6774,6597,9999=1000,6597,6774,9999$
1000,7534,7187,9999=1000,7187,7534,9999$
1000,1345,1178,9999=1000,1178,1345,9999$
1000,2396,2681,9999=1000,2396,2681,9999$
1000,9746,9578,9999=1000,9578,9746,9999$
1000,5899,5980,9999=1000,5899,5980,9999$
1000,3799,3978,9999=1000,3799,3978,9999$
1000,1288,1432,9999=1000,1288,1432,9999$
1000,5168,5576,9999=1000,5168,5576,9999$
1000,5723,5354,9999=1000,5354,5723,9999$
1000,3439,3807,9999=1000,3439,3807,9999$
1000,7207,7344,9999=1000,7207,7344,9999$
1000,9820,9702,9999=1000,9702,9820,9999$
1000,6891,6648,9999=1000,6648,6891,9999$
1000,3938,3819,9999=1000,3819,3938,9999$
1000,8816,8549,9999=1000,8549,8816,9999$
1000,4268,4434,9999=1000,4268,4434,9999$
1000,7549,7605,9999=1000,7549,7605,9999$
1000,8537,8259,9999=1000,8259,8537,9999$
1000,5404,5019,9999=1000,5019,5404,9999$
1000,7547,7169,9999=1000,7169,7547,9999$
1000,1365,1643,9999=1000,1365,1643,9999$
1000,8557,8479,9999=1000,8479,8557,9999$
1000,7454,7179,9999=1000,7179,7454,9999$
1000,2957,2878,9999=1000,2878,2957,9999$
1000,1326,1287,9999=1000,1287,1326,9999$
1000,5359,5812,9999=1000,5359,5812,9999$
1000,7258,7582,9999=1000,7258,7582,9999$
1000,6548,6736,9999=1000,6548,6736,9999$
1000,4407,4318,9999=1000,4318,4407,9999$
1000,5626,5904,9999=1000,5626,5904,9999$
1000,2258,2129,9999=1000,2129,2258,9999$
1000,8377,8514,9999=1000,8377,8514,9999$
1000,8366,8823,9999=1000,8366,8823,9999$
1000,4267,4324,9999=1000,4267,4324,9999$
1000,4991,4572,9999=1000,4572,4991,9999$
1000,8923,8669,9999=1000,8669,8923,9999$
1000,7866,7940,9999=1000,7866,7940,9999$
1000,4174,4059,9999=1000,4059,4174,9999$
1000,7740,7273,9999=1000,7273,7740,9999$
1000,5523,5992,9999=1000,5523,5992,9999$
1000,6183,6760,9999=1000,6183,6760,9999$
1000,8744,8469,9999=1000,8469,8744,9999$
1000,6769,6828,9999=1000,6769,6828,9999$
1000,1239,1327,9999=1000,1239,1327,9999$
1000,3779,3867,9999=1000,3779,3867,9999$
1000,9276,9385,9999=1000,9276,9385,9999$
1000,4943,4828,9999=1000,4828,4943,9999$
1000,1188,1527,9999=1000,1188,1527,9999$
1000,6805,6156,9999=1000,6156,6805,9999$
1000,6729,6904,9999=1000,6729,6904,9999$
1000,1952,1704,9999=1000,1704,1952,9999$
1000,1841,1168,9999=1000,1168,1841,9999$
1000,5720,5644,9999=1000,5644,5720,9999$
1000,3268,3374,9999=1000,3268,3374,9999$
1000,7149,7728,9999=1000,7149,7728,9999$
1000,8678,8766,9999=1000,8678,8766,9999$
1000,3868,3977,9999=1000,3868,3977,9999$
1000,3974,3898,9999=1000,3898,3974,9999$
1000,7216,7884,9999=1000,7216,7884,9999$
1000,9960,9849,9999=1000,9849,9960,9999$
1000,2788,2965,9999=1000,2788,2965,9999$
1000,2789,2802,9999=1000,2789,2802,9999$
1000,7409,7727,9999=1000,7409,7727,9999$
1000,5158,5621,9999=1000,5158,5621,9999$
1000,9009,9317,9999=1000,9009,9317,9999$
1000,7595,7974,9999=1000,7595,7974,9999$
1000,3024,3400,9999=1000,3024,3400,9999$
1000,8826,8941,9999=1000,8826,8941,9999$
1000,8128,8482,9999=1000,8128,8482,9999$
1000,8776,8883,9999=1000,8776,8883,9999$
1000,7609,7867,9999=1000,7609,7867,9999$
1000,1779,1860,9999=1000,1779,1860,9999$
1000,1867,1458,9999=1000,1458,1867,9999$
1000,8695,8752,9999=1000,8695,8752,9999$
1000,4879,4955,9999=1000,4879,4955,9999$
1000,3942,3577,9999=1000,3577,3942,9999$
1000,4443,4215,9999=1000,4215,4443,9999$
1000,8913,8775,9999=1000,8775,8913,9999$
1000,9404,9712,9999=1000,9404,9712,9999$
1000,9105,9521,9999=1000,9105,9521,9999$
1000,8944,8066,9999=1000,8066,8944,9999$
1000,9991,9713,9999=1000,9713,9991,9999$
1000,2881,2205,9999=1000,2205,2881,9999$
1000,6921,6854,9999=1000,6854,6921,9999$
1000,6357,6726,9999=1000,6357,6726,9999$
1000,4277,4354,9999=1000,4277,4354,9999$
1000,7855,7933,9999=1000,7855,7933,9999$
1000,7960,7878,9999=1000,7878,7960,9999$
1000,3705,3199,9999=1000,3199,3705,9999$
1000,3069,3300,9999=1000,3069,3300,9999$
1000,5965,5878,9999=1000,5878,5965,9999$
1000,1846,1298,9999=1000,1298,1846,9999$
1000,4784,4675,9999=1000,4675,4784,9999$
1000,1289,1758,9999=1000,1289,1758,9999$
1000,4912,4893,9999=1000,4893,4912,9999$
1000,1489,1848,9999=1000,1489,1848,9999$
1000,1650,1542,9999=1000,1542,1650,9999$
1000,8349,8908,9999=1000,8349,8908,9999$
1000,6846,6259,9999=1000,6259,6846,9999$
1000,4617,4368,9999=1000,4368,4617,9999$
1000,3066,3772,9999=1000,3066,3772,9999$
1000,4879,4918,9999=1000,4879,4918,9999$
1000,5996,5777,9999=1000,5777,5996,9999$
1000,3789,3828,9999=1000,3789,3828,9999$
1000,4276,4785,9999=1000,4276,4785,9999$
