1000,5629,8758,9999=1000,5629,8758,9999$
1000,2047,9555,9999=1000,2047,9555,9999$
1000,2188,4615,9999=1000,2188,4615,9999$
1000,2590,4135,9999=1000,2590,4135,9999$
1000,5888,2991,9999=1000,2991,5888,9999$
1000,1562,6413,9999=1000,1562,6413,9999$
1000,2519,1988,9999=1000,1988,2519,9999$
1000,5495,3387,9999=1000,3387,5495,9999$
1000,3209,2488,9999=1000,2488,3209,9999$
1000,7788,1349,9999=1000,1349,7788,9999$
1000,1837,8975,9999=1000,1837,8975,9999$
1000,7199,8844,9999=1000,7199,8844,9999$
1000,8612,1479,9999=1000,1479,8612,9999$
1000,2322,5900,9999=1000,2322,5900,9999$
1000,7431,3052,9999=1000,3052,7431,9999$
1000,7257,2831,9999=1000,2831,7257,9999$
1000,6862,8794,9999=1000,6862,8794,9999$
1000,7435,6840,9999=1000,6840,7435,9999$
1000,1079,8828,9999=1000,1079,8828,9999$
1000,4417,8656,9999=1000,4417,8656,9999$
1000,8399,2773,9999=1000,2773,8399,9999$
1000,5363,9742,9999=1000,5363,9742,9999$
1000,4961,9836,9999=1000,4961,9836,9999$
1000,6916,5857,9999=1000,5857,6916,9999$
1000,2339,3958,9999=1000,2339,3958,9999$
1000,8826,1905,9999=1000,1905,8826,9999$
1000,8824,4619,9999=1000,4619,8824,9999$
1000,4796,8853,9999=1000,4796,8853,9999$
1000,1957,7888,9999=1000,1957,7888,9999$
1000,7416,1227,9999=1000,1227,7416,9999$
1000,4368,9199,9999=1000,4368,9199,9999$
1000,3037,5540,9999=1000,3037,5540,9999$
1000,2793,6178,9999=1000,2793,6178,9999$
1000,2447,3399,9999=1000,2447,3399,9999$
1000,9705,3386,9999=1000,3386,9705,9999$
1000,2598,5847,9999=1000,2598,5847,9999$
1000,1592,3304,9999=1000,1592,3304,9999$
1000,1438,4840,9999=1000,1438,4840,9999$
1000,4604,3328,9999=1000,3328,4604,9999$
1000,3229,2580,9999=1000,2580,3229,9999$
1000,3412,8326,9999=1000,3412,8326,9999$
1000,2838,8927,9999=1000,2838,8927,9999$
1000,9778,4965,9999=1000,4965,9778,9999$
1000,4833,1971,9999=1000,1971,4833,9999$
1000,3936,1199,9999=1000,1199,3936,9999$
1000,3583,1324,9999=1000,1324,3583,9999$
1000,9634,2597,9999=1000,2597,9634,9999$
1000,6329,3503,9999=1000,3503,6329,9999$
1000,2899,4975,9999=1000,2899,4975,9999$
1000,3051,6100,9999=1000,3051,6100,9999$
1000,2329,7711,9999=1000,2329,7711,9999$
1000,9806,6519,9999=1000,6519,9806,9999$
1000,2849,6958,9999=1000,2849,6958,9999$
1000,5486,9910,9999=1000,5486,9910,9999$
1000,7001,9190,9999=1000,7001,9190,9999$
1000,5768,4159,9999=1000,4159,5768,9999$
1000,9762,3379,9999=1000,3379,9762,9999$
1000,5852,4569,9999=1000,4569,5852,9999$
1000,7783,1005,9999=1000,1005,7783,9999$
1000,7992,9054,9999=1000,7992,9054,9999$
1000,2848,1609,9999=1000,1609,2848,9999$
1000,9747,1259,9999=1000,1259,9747,9999$
1000,4864,5136,9999=1000,4864,5136,9999$
1000,3628,2479,9999=1000,2479,3628,9999$
1000,7625,5902,9999=1000,5902,7625,9999$
1000,9438,7517,9999=1000,7517,9438,9999$
1000,7563,5820,9999=1000,5820,7563,9999$
1000,7553,4269,9999=1000,4269,7553,9999$
1000,1479,3768,9999=1000,1479,3768,9999$
1000,4954,2837,9999=1000,2837,4954,9999$
1000,3694,9505,9999=1000,3694,9505,9999$
1000,5539,4748,9999=1000,4748,5539,9999$
1000,6361,2139,9999=1000,2139,6361,9999$
1000,9315,8591,9999=1000,8591,9315,9999$
1000,8426,4377,9999=1000,4377,8426,9999$
1000,2599,3981,9999=1000,2599,3981,9999$
1000,9383,7094,9999=1000,7094,9383,9999$
1000,1259,3978,9999=1000,1259,3978,9999$
1000,4954,8789,9999=1000,4954,8789,9999$
1000,2502,8740,9999=1000,2502,8740,9999$
1000,5518,2499,9999=1000,2499,5518,9999$
1000,4067,5396,9999=1000,4067,5396,9999$
1000,3337,4794,9999=1000,3337,4794,9999$
1000,6017,8522,9999=1000,6017,8522,9999$
1000,9707,7569,9999=1000,7569,9707,9999$
1000,7406,8197,9999=1000,7406,8197,9999$
1000,1906,5599,9999=1000,1906,5599,9999$
1000,2763,1124,9999=1000,1124,2763,9999$
1000,3649,5968,9999=1000,3649,5968,9999$
1000,7878,2983,9999=1000,2983,7878,9999$
1000,5809,6928,9999=1000,5809,6928,9999$
1000,4847,7936,9999=1000,4847,7936,9999$
1000,4551,5910,9999=1000,4551,5910,9999$
1000,9992,6413,9999=1000,6413,9992,9999$
1000,8699,5926,9999=1000,5926,8699,9999$
1000,5819,9996,9999=1000,5819,9996,9999$
1000,4855,3913,9999=1000,3913,4855,9999$
1000,4228,2946,9999=1000,2946,4228,9999$
1000,9866,1709,9999=1000,1709,9866,9999$
1000,2863,9206,9999=1000,2863,9206,9999$
1000,9589,4738,9999=1000,4738,9589,9999$
1000,9941,1604,9999=1000,1604,9941,9999$
1000,7605,6297,9999=1000,6297,7605,9999$
1000,7619,5896,9999=1000,5896,7619,9999$
1000,2609,5792,9999=1000,2609,5792,9999$
1000,4693,7156,9999=1000,4693,7156,9999$
1000,7530,3453,9999=1000,3453,7530,9999$
1000,8906,4818,9999=1000,4818,8906,9999$
1000,2313,1178,9999=1000,1178,2313,9999$
1000,6006,1521,9999=1000,1521,6006,9999$
1000,2209,7988,9999=1000,2209,7988,9999$
1000,8924,7307,9999=1000,7307,8924,9999$
1000,1770,9688,9999=1000,1770,9688,9999$
1000,3668,8529,9999=1000,3668,8529,9999$
1000,8660,9107,9999=1000,8660,9107,9999$
1000,9714,5841,9999=1000,5841,9714,9999$
1000,6628,7747,9999=1000,6628,7747,9999$
1000,8430,1127,9999=1000,1127,8430,9999$
1000,2767,5539,9999=1000,2767,5539,9999$
1000,9769,6818,9999=1000,6818,9769,9999$
1000,5995,6206,9999=1000,5995,6206,9999$
1000,3147,8894,9999=1000,3147,8894,9999$
1000,1877,5138,9999=1000,1877,5138,9999$
1000,3273,9390,9999=1000,3273,9390,9999$
1000,2594,9189,9999=1000,2594,9189,9999$
1000,7797,3983,9999=1000,3983,7797,9999$
1000,4516,5990,9999=1000,4516,5990,9999$
1000,4906,9889,9999=1000,4906,9889,9999$
1000,2779,9806,9999=1000,2779,9806,9999$
1000,3254,1302,9999=1000,1302,3254,9999$
1000,4656,7925,9999=1000,4656,7925,9999$
1000,6214,9851,9999=1000,6214,9851,9999$
1000,2958,4079,9999=1000,2958,4079,9999$
1000,4894,8982,9999=1000,4894,8982,9999$
1000,1904,7849,9999=1000,1904,7849,9999$
1000,5941,3866,9999=1000,3866,5941,9999$
1000,6087,9891,9999=1000,6087,9891,9999$
1000,3789,5868,9999=1000,3789,5868,9999$
1000,1947,9179,9999=1000,1947,9179,9999$
1000,7992,3265,9999=1000,3265,7992,9999$
1000,9978,4809,9999=1000,4809,9978,9999$
1000,7439,3565,9999=1000,3565,7439,9999$
1000,7179,6404,9999=1000,6404,7179,9999$
1000,3859,7947,9999=1000,3859,7947,9999$
1000,4358,3942,9999=1000,3942,4358,9999$
1000,9861,5337,9999=1000,5337,9861,9999$
1000,7748,3519,9999=1000,3519,7748,9999$
1000,8259,3673,9999=1000,3673,8259,9999$
1000,4889,7958,9999=1000,4889,7958,9999$
1000,6905,7686,9999=1000,6905,7686,9999$
1000,6343,9651,9999=1000,6343,9651,9999$
1000,2397,9875,9999=1000,2397,9875,9999$
1000,5418,1565,9999=1000,1565,5418,9999$
1000,8355,2962,9999=1000,2962,8355,9999$
1000,4676,8895,9999=1000,4676,8895,9999$
1000,1127,6215,9999=1000,1127,6215,9999$
1000,8998,7189,9999=1000,7189,8998,9999$
1000,3309,9858,9999=1000,3309,9858,9999$
1000,7820,3666,9999=1000,3666,7820,9999$
1000,9476,7692,9999=1000,7692,9476,9999$
1000,6845,7698,9999=1000,6845,7698,9999$
1000,3840,4613,9999=1000,3840,4613,9999$
1000,1703,2534,9999=1000,1703,2534,9999$
1000,4510,3166,9999=1000,3166,4510,9999$
1000,6608,9992,9999=1000,6608,9992,9999$
1000,2946,6859,9999=1000,2946,6859,9999$
1000,8777,3936,9999=1000,3936,8777,9999$
1000,1554,4296,9999=1000,1554,4296,9999$
1000,2423,5194,9999=1000,2423,5194,9999$
1000,3591,5022,9999=1000,3591,5022,9999$
1000,7414,1892,9999=1000,1892,7414,9999$
1000,9958,8709,9999=1000,8709,9958,9999$
1000,8528,3865,9999=1000,3865,8528,9999$
1000,8662,3027,9999=1000,3027,8662,9999$
1000,2169,9890,9999=1000,2169,9890,9999$
1000,3717,9883,9999=1000,3717,9883,9999$
1000,4209,3763,9999=1000,3763,4209,9999$
1000,7613,3178,9999=1000,3178,7613,9999$
1000,9539,3728,9999=1000,3728,9539,9999$
1000,6745,5973,9999=1000,5973,6745,9999$
1000,7737,5408,9999=1000,5408,7737,9999$
1000,3294,9671,9999=1000,3294,9671,9999$
1000,1833,7787,9999=1000,1833,7787,9999$
1000,6992,3884,9999=1000,3884,6992,9999$
1000,1025,3963,9999=1000,1025,3963,9999$
1000,1747,2995,9999=1000,1747,2995,9999$
1000,6720,7644,9999=1000,6720,7644,9999$
1000,1741,6139,9999=1000,1741,6139,9999$
1000,2222,7148,9999=1000,2222,7148,9999$
1000,3709,7928,9999=1000,3709,7928,9999$
1000,1507,5178,9999=1000,1507,5178,9999$
1000,2363,4205,9999=1000,2363,4205,9999$
1000,2361,9283,9999=1000,2361,9283,9999$
1000,2262,3371,9999=1000,2262,3371,9999$
1000,8553,3394,9999=1000,3394,8553,9999$
1000,5866,4972,9999=1000,4972,5866,9999$
1000,5129,2650,9999=1000,2650,5129,9999$
1000,7752,3507,9999=1000,3507,7752,9999$
1000,5925,8308,9999=1000,5925,8308,9999$
1000,7707,2548,9999=1000,2548,7707,9999$
1000,2378,5715,9999=1000,2378,5715,9999$
1000,9460,6245,9999=1000,6245,9460,9999$
1000,2701,4037,9999=1000,2701,4037,9999$
1000,3038,9390,9999=1000,3038,9390,9999$
1000,2269,8404,9999=1000,2269,8404,9999$
1000,2950,7244,9999=1000,2950,7244,9999$
1000,5539,1907,9999=1000,1907,5539,9999$
1000,6548,8814,9999=1000,6548,8814,9999$
1000,3944,5288,9999=1000,3944,5288,9999$
1000,7310,1104,9999=1000,1104,7310,9999$
1000,1689,8831,9999=1000,1689,8831,9999$
1000,3985,8809,9999=1000,3985,8809,9999$
1000,2790,4108,9999=1000,2790,4108,9999$
1000,2188,5500,9999=1000,2188,5500,9999$
1000,4718,7409,9999=1000,4718,7409,9999$
1000,8337,5470,9999=1000,5470,8337,9999$
1000,3986,7799,9999=1000,3986,7799,9999$
1000,5009,9643,9999=1000,5009,9643,9999$
1000,4826,8687,9999=1000,4826,8687,9999$
1000,2897,7218,9999=1000,2897,7218,9999$
1000,1146,2675,9999=1000,1146,2675,9999$
1000,2804,3785,9999=1000,2804,3785,9999$
1000,1994,6839,9999=1000,1994,6839,9999$
1000,1239,7314,9999=1000,1239,7314,9999$
1000,9998,1749,9999=1000,1749,9998,9999$
1000,4836,2189,9999=1000,2189,4836,9999$
1000,9413,5177,9999=1000,5177,9413,9999$
1000,5572,1389,9999=1000,1389,5572,9999$
1000,6921,8849,9999=1000,6921,8849,9999$
1000,1343,3227,9999=1000,1343,3227,9999$
1000,1688,9722,9999=1000,1688,9722,9999$
1000,1515,6199,9999=1000,1515,6199,9999$
1000,3918,2889,9999=1000,2889,3918,9999$
1000,2941,8259,9999=1000,2941,8259,9999$
1000,6990,4579,9999=1000,4579,6990,9999$
1000,3805,1659,9999=1000,1659,3805,9999$
1000,2936,4477,9999=1000,2936,4477,9999$
1000,2686,4479,9999=1000,2686,4479,9999$
1000,9874,3765,9999=1000,3765,9874,9999$
1000,6811,4157,9999=1000,4157,6811,9999$
1000,7674,1299,9999=1000,1299,7674,9999$
1000,9755,4972,9999=1000,4972,9755,9999$
1000,1349,8974,9999=1000,1349,8974,9999$
1000,7347,1288,9999=1000,1288,7347,9999$
1000,3518,7776,9999=1000,3518,7776,9999$
1000,9608,3399,9999=1000,3399,9608,9999$
1000,9596,4208,9999=1000,4208,9596,9999$
1000,3195,9314,9999=1000,3195,9314,9999$
1000,4299,2933,9999=1000,2933,4299,9999$
1000,7637,2745,9999=1000,2745,7637,9999$
1000,4845,1166,9999=1000,1166,4845,9999$
1000,3448,7551,9999=1000,3448,7551,9999$
1000,6639,1851,9999=1000,1851,6639,9999$
1000,8988,2829,9999=1000,2829,8988,9999$
1000,7188,9924,9999=1000,7188,9924,9999$
1000,9936,2668,9999=1000,2668,9936,9999$
1000,9996,7389,9999=1000,7389,9996,9999$
1000,9448,8595,9999=1000,8595,9448,9999$
1000,5203,7822,9999=1000,5203,7822,9999$
1000,8631,6073,9999=1000,6073,8631,9999$
1000,8867,2903,9999=1000,2903,8867,9999$
1000,6466,4725,9999=1000,4725,6466,9999$
1000,7409,9614,9999=1000,7409,9614,9999$
1000,5904,3659,9999=1000,3659,5904,9999$
1000,7673,8862,9999=1000,7673,8862,9999$
1000,5769,7958,9999=1000,5769,7958,9999$
1000,8857,5936,9999=1000,5936,8857,9999$
1000,4942,7279,9999=1000,4942,7279,9999$
1000,7544,6803,9999=1000,6803,7544,9999$
1000,1229,8532,9999=1000,1229,8532,9999$
1000,8276,7985,9999=1000,7985,8276,9999$
1000,7118,1325,9999=1000,1325,7118,9999$
1000,9901,7819,9999=1000,7819,9901,9999$
1000,9471,7284,9999=1000,7284,9471,9999$
1000,6608,9852,9999=1000,6608,9852,9999$
1000,7428,2019,9999=1000,2019,7428,9999$
1000,4658,9930,9999=1000,4658,9930,9999$
1000,9924,6866,9999=1000,6866,9924,9999$
1000,2880,5551,9999=1000,2880,5551,9999$
1000,7749,5962,9999=1000,5962,7749,9999$
1000,4817,2239,9999=1000,2239,4817,9999$
1000,9699,8713,9999=1000,8713,9699,9999$
1000,5879,3922,9999=1000,3922,5879,9999$
1000,2256,9007,9999=1000,2256,9007,9999$
1000,1359,6638,9999=1000,1359,6638,9999$
1000,5151,4033,9999=1000,4033,5151,9999$
1000,7177,9895,9999=1000,7177,9895,9999$
1000,5649,6768,9999=1000,5649,6768,9999$
1000,9718,6389,9999=1000,6389,9718,9999$
1000,1739,7918,9999=1000,1739,7918,9999$
1000,7599,3902,9999=1000,3902,7599,9999$
1000,8843,2484,9999=1000,2484,8843,9999$
1000,2348,8823,9999=1000,2348,8823,9999$
1000,8189,3431,9999=1000,3431,8189,9999$
1000,1928,8849,9999=1000,1928,8849,9999$
1000,3313,4005,9999=1000,3313,4005,9999$
1000,1612,2891,9999=1000,1612,2891,9999$
1000,1166,9613,9999=1000,1166,9613,9999$
1000,7844,2307,9999=1000,2307,7844,9999$
1000,4996,2789,9999=1000,2789,4996,9999$
1000,3551,5640,9999=1000,3551,5640,9999$
1000,4674,1067,9999=1000,1067,4674,9999$
1000,7019,9766,9999=1000,7019,9766,9999$
1000,7645,8814,9999=1000,7645,8814,9999$
1000,2941,5808,9999=1000,2941,5808,9999$
1000,5706,9598,9999=1000,5706,9598,9999$
1000,9846,4992,9999=1000,4992,9846,9999$
1000,8987,1839,9999=1000,1839,8987,9999$
1000,2705,7669,9999=1000,2705,7669,9999$
1000,2560,9302,9999=1000,2560,9302,9999$
1000,3956,8887,9999=1000,3956,8887,9999$
1000,5781,2509,9999=1000,2509,5781,9999$
1000,6987,7159,9999=1000,6987,7159,9999$
1000,5223,2981,9999=1000,2981,5223,9999$
1000,9746,3618,9999=1000,3618,9746,9999$
1000,3125,4980,9999=1000,3125,4980,9999$
1000,6825,5519,9999=1000,5519,6825,9999$
1000,1269,7495,9999=1000,1269,7495,9999$
1000,1905,2329,9999=1000,1905,2329,9999$
1000,5278,1527,9999=1000,1527,5278,9999$
1000,9580,3452,9999=1000,3452,9580,9999$
1000,8422,3356,9999=1000,3356,8422,9999$
1000,2186,8255,9999=1000,2186,8255,9999$
1000,2997,3258,9999=1000,2997,3258,9999$
1000,2027,7673,9999=1000,2027,7673,9999$
1000,1136,4805,9999=1000,1136,4805,9999$
1000,1945,9418,9999=1000,1945,9418,9999$
1000,4898,3986,9999=1000,3986,4898,9999$
1000,3941,6684,9999=1000,3941,6684,9999$
1000,8147,4294,9999=1000,4294,8147,9999$
1000,1752,4693,9999=1000,1752,4693,9999$
1000,8837,5965,9999=1000,5965,8837,9999$
1000,7766,1648,9999=1000,1648,7766,9999$
1000,4948,5859,9999=1000,4948,5859,9999$
1000,3832,7477,9999=1000,3832,7477,9999$
1000,1757,7900,9999=1000,1757,7900,9999$
1000,6594,9952,9999=1000,6594,9952,9999$
1000,3891,1502,9999=1000,1502,3891,9999$
1000,8301,5129,9999=1000,5129,8301,9999$
1000,9417,7806,9999=1000,7806,9417,9999$
1000,3705,4578,9999=1000,3705,4578,9999$
1000,2605,4228,9999=1000,2605,4228,9999$
1000,1225,2076,9999=1000,1225,2076,9999$
1000,6825,4466,9999=1000,4466,6825,9999$
1000,8706,5882,9999=1000,5882,8706,9999$
1000,9951,1362,9999=1000,1362,9951,9999$
1000,1441,8032,9999=1000,1441,8032,9999$
1000,5728,7609,9999=1000,5728,7609,9999$
1000,2585,3147,9999=1000,2585,3147,9999$
1000,9750,6536,9999=1000,6536,9750,9999$
1000,7707,2810,9999=1000,2810,7707,9999$
1000,7715,1994,9999=1000,1994,7715,9999$
1000,4883,9249,9999=1000,4883,9249,9999$
1000,4146,6068,9999=1000,4146,6068,9999$
1000,8326,7565,9999=1000,7565,8326,9999$
1000,2235,9672,9999=1000,2235,9672,9999$
1000,2084,9342,9999=1000,2084,9342,9999$
1000,4059,6116,9999=1000,4059,6116,9999$
1000,1938,7809,9999=1000,1938,7809,9999$
1000,4625,1813,9999=1000,1813,4625,9999$
1000,1857,6985,9999=1000,1857,6985,9999$
1000,2695,4763,9999=1000,2695,4763,9999$
1000,7506,3731,9999=1000,3731,7506,9999$
1000,8707,9831,9999=1000,8707,9831,9999$
1000,3683,5902,9999=1000,3683,5902,9999$
1000,3950,2896,9999=1000,2896,3950,9999$
1000,2815,8328,9999=1000,2815,8328,9999$
1000,9992,2758,9999=1000,2758,9992,9999$
1000,2087,8693,9999=1000,2087,8693,9999$
1000,9717,4298,9999=1000,4298,9717,9999$
1000,9452,5148,9999=1000,5148,9452,9999$
1000,8309,3814,9999=1000,3814,8309,9999$
1000,3128,5634,9999=1000,3128,5634,9999$
1000,5825,4197,9999=1000,4197,5825,9999$
1000,1306,4434,9999=1000,1306,4434,9999$
1000,4225,3881,9999=1000,3881,4225,9999$
1000,6800,4637,9999=1000,4637,6800,9999$
1000,5633,8007,9999=1000,5633,8007,9999$
1000,8552,9179,9999=1000,8552,9179,9999$
1000,2128,1914,9999=1000,1914,2128,9999$
1000,1099,4583,9999=1000,1099,4583,9999$
1000,9215,5771,9999=1000,5771,9215,9999$
1000,2978,8509,9999=1000,2978,8509,9999$
1000,7678,8701,9999=1000,7678,8701,9999$
1000,6700,7458,9999=1000,6700,7458,9999$
1000,7933,8358,9999=1000,7933,8358,9999$
1000,7707,6658,9999=1000,6658,7707,9999$
1000,3166,4324,9999=1000,3166,4324,9999$
1000,5864,4526,9999=1000,4526,5864,9999$
1000,2882,1178,9999=1000,1178,2882,9999$
1000,4317,6875,9999=1000,4317,6875,9999$
1000,3678,6029,9999=1000,3678,6029,9999$
1000,4441,5033,9999=1000,4441,5033,9999$
1000,6469,9707,9999=1000,6469,9707,9999$
1000,5456,9783,9999=1000,5456,9783,9999$
1000,4856,8489,9999=1000,4856,8489,9999$
1000,9414,7671,9999=1000,7671,9414,9999$
1000,6654,5009,9999=1000,5009,6654,9999$
1000,2826,7578,9999=1000,2826,7578,9999$
1000,5427,9319,9999=1000,5427,9319,9999$
1000,3655,5714,9999=1000,3655,5714,9999$
1000,5635,4128,9999=1000,4128,5635,9999$
1000,4772,1861,9999=1000,1861,4772,9999$
1000,1471,3293,9999=1000,1471,3293,9999$
1000,6218,9495,9999=1000,6218,9495,9999$
1000,3789,8871,9999=1000,3789,8871,9999$
1000,4507,3793,9999=1000,3793,4507,9999$
1000,8525,9973,9999=1000,8525,9973,9999$
1000,8612,1059,9999=1000,1059,8612,9999$
1000,8801,2960,9999=1000,2960,8801,9999$
1000,3228,9537,9999=1000,3228,9537,9999$
1000,2109,8556,9999=1000,2109,8556,9999$
1000,2328,9705,9999=1000,2328,9705,9999$
1000,3727,8208,9999=1000,3727,8208,9999$
1000,6552,3364,9999=1000,3364,6552,9999$
1000,3334,9247,9999=1000,3334,9247,9999$
1000,8657,4831,9999=1000,4831,8657,9999$
1000,1960,9819,9999=1000,1960,9819,9999$
1000,3493,8177,9999=1000,3493,8177,9999$
1000,1607,3785,9999=1000,1607,3785,9999$
1000,9914,3689,9999=1000,3689,9914,9999$
1000,5474,8632,9999=1000,5474,8632,9999$
1000,4921,3836,9999=1000,3836,4921,9999$
1000,5852,3294,9999=1000,3294,5852,9999$
1000,6506,8775,9999=1000,6506,8775,9999$
1000,7178,4234,9999=1000,4234,7178,9999$
1000,8519,5748,9999=1000,5748,8519,9999$
1000,2526,7107,9999=1000,2526,7107,9999$
1000,7887,1349,9999=1000,1349,7887,9999$
1000,7655,2048,9999=1000,2048,7655,9999$
1000,2417,4561,9999=1000,2417,4561,9999$
1000,6843,8108,9999=1000,6843,8108,9999$
1000,6288,9377,9999=1000,6288,9377,9999$
1000,3242,1820,9999=1000,1820,3242,9999$
1000,8129,2513,9999=1000,2513,8129,9999$
1000,7970,8799,9999=1000,7970,8799,9999$
1000,8714,4831,9999=1000,4831,8714,9999$
1000,3569,9908,9999=1000,3569,9908,9999$
1000,6138,4855,9999=1000,4855,6138,9999$
1000,4183,1450,9999=1000,1450,4183,9999$
1000,2954,3707,9999=1000,2954,3707,9999$
1000,8376,5009,9999=1000,5009,8376,9999$
1000,8846,7658,9999=1000,7658,8846,9999$
1000,8349,9715,9999=1000,8349,9715,9999$
1000,1357,6605,9999=1000,1357,6605,9999$
1000,8902,4676,9999=1000,4676,8902,9999$
1000,8617,2765,9999=1000,2765,8617,9999$
1000,1595,7276,9999=1000,1595,7276,9999$
1000,3873,4664,9999=1000,3873,4664,9999$
1000,6985,5598,9999=1000,5598,6985,9999$
1000,7733,8456,9999=1000,7733,8456,9999$
1000,5349,2813,9999=1000,2813,5349,9999$
1000,5495,6874,9999=1000,5495,6874,9999$
1000,9527,3942,9999=1000,3942,9527,9999$
1000,8991,4885,9999=1000,4885,8991,9999$
1000,3208,2387,9999=1000,2387,3208,9999$
1000,8448,6895,9999=1000,6895,8448,9999$
1000,8029,3504,9999=1000,3504,8029,9999$
1000,7361,5810,9999=1000,5810,7361,9999$
1000,3917,7339,9999=1000,3917,7339,9999$
1000,7589,6960,9999=1000,6960,7589,9999$
1000,7798,2439,9999=1000,2439,7798,9999$
1000,4158,6373,9999=1000,4158,6373,9999$
1000,9207,6446,9999=1000,6446,9207,9999$
1000,3438,1644,9999=1000,1644,3438,9999$
1000,4709,2958,9999=1000,2958,4709,9999$
1000,9704,1598,9999=1000,1598,9704,9999$
1000,1419,4587,9999=1000,1419,4587,9999$
1000,4343,1038,9999=1000,1038,4343,9999$
1000,6826,1438,9999=1000,1438,6826,9999$
1000,3257,9722,9999=1000,3257,9722,9999$
1000,4625,1901,9999=1000,1901,4625,9999$
1000,4439,1807,9999=1000,1807,4439,9999$
1000,2067,3886,9999=1000,2067,3886,9999$
1000,8354,6037,9999=1000,6037,8354,9999$
1000,4917,1838,9999=1000,1838,4917,9999$
1000,4332,1257,9999=1000,1257,4332,9999$
1000,5215,9402,9999=1000,5215,9402,9999$
1000,1808,7689,9999=1000,1808,7689,9999$
1000,2772,9655,9999=1000,2772,9655,9999$
1000,1758,8897,9999=1000,1758,8897,9999$
1000,6028,2636,9999=1000,2636,6028,9999$
1000,9447,5298,9999=1000,5298,9447,9999$
1000,4491,9113,9999=1000,4491,9113,9999$
1000,1485,3079,9999=1000,1485,3079,9999$
1000,1970,3704,9999=1000,1970,3704,9999$
1000,3715,7256,9999=1000,3715,7256,9999$
1000,8726,2934,9999=1000,2934,8726,9999$
1000,4423,9632,9999=1000,4423,9632,9999$
1000,7966,3457,9999=1000,3457,7966,9999$
1000,4488,1734,9999=1000,1734,4488,9999$
1000,1588,6694,9999=1000,1588,6694,9999$
1000,1905,4666,9999=1000,1905,4666,9999$
1000,6279,4686,9999=1000,4686,6279,9999$
1000,4499,3657,9999=1000,3657,4499,9999$
1000,8326,6237,9999=1000,6237,8326,9999$
1000,7287,6315,9999=1000,6315,7287,9999$
1000,3613,6720,9999=1000,3613,6720,9999$
1000,6398,7762,9999=1000,6398,7762,9999$
1000,7396,3248,9999=1000,3248,7396,9999$
1000,2845,7991,9999=1000,2845,7991,9999$
1000,4134,2099,9999=1000,2099,4134,9999$
1000,9422,4113,9999=1000,4113,9422,9999$
1000,3758,2149,9999=1000,2149,3758,9999$
1000,7581,8473,9999=1000,7581,8473,9999$
1000,9844,6696,9999=1000,6696,9844,9999$
1000,1967,2829,9999=1000,1967,2829,9999$
1000,4986,7658,9999=1000,4986,7658,9999$
1000,7612,5373,9999=1000,5373,7612,9999$
1000,3225,8334,9999=1000,3225,8334,9999$
1000,1627,6158,9999=1000,1627,6158,9999$
1000,2699,9974,9999=1000,2699,9974,9999$
1000,9220,2194,9999=1000,2194,9220,9999$
1000,7860,8201,9999=1000,7860,8201,9999$
1000,1836,7327,9999=1000,1836,7327,9999$
1000,2258,1503,9999=1000,1503,2258,9999$
1000,4952,1698,9999=1000,1698,4952,9999$
1000,1777,2669,9999=1000,1777,2669,9999$
1000,4826,5399,9999=1000,4826,5399,9999$
1000,4771,5168,9999=1000,4771,5168,9999$
1000,3872,8911,9999=1000,3872,8911,9999$
1000,2522,5393,9999=1000,2522,5393,9999$
1000,9156,4925,9999=1000,4925,9156,9999$
1000,7077,9765,9999=1000,7077,9765,9999$
1000,1647,3239,9999=1000,1647,3239,9999$
1000,2689,9918,9999=1000,2689,9918,9999$
1000,9058,5386,9999=1000,5386,9058,9999$
1000,6682,8565,9999=1000,6682,8565,9999$
1000,8545,4297,9999=1000,4297,8545,9999$
1000,5700,8288,9999=1000,5700,8288,9999$
1000,5429,9577,9999=1000,5429,9577,9999$
1000,8987,1709,9999=1000,1709,8987,9999$
1000,9199,6548,9999=1000,6548,9199,9999$
1000,2777,8933,9999=1000,2777,8933,9999$
1000,9964,2847,9999=1000,2847,9964,9999$
1000,6990,1826,9999=1000,1826,6990,9999$
1000,3708,2836,9999=1000,2836,3708,9999$
1000,5806,1995,9999=1000,1995,5806,9999$
1000,4980,1396,9999=1000,1396,4980,9999$
1000,8787,5991,9999=1000,5991,8787,9999$
1000,7900,4731,9999=1000,4731,7900,9999$
1000,1705,5667,9999=1000,1705,5667,9999$
1000,1467,7943,9999=1000,1467,7943,9999$
1000,9960,5882,9999=1000,5882,9960,9999$
1000,9121,8075,9999=1000,8075,9121,9999$
1000,7416,6704,9999=1000,6704,7416,9999$
1000,1976,8648,9999=1000,1976,8648,9999$
1000,3208,6375,9999=1000,3208,6375,9999$
1000,7422,9263,9999=1000,7422,9263,9999$
1000,1830,7445,9999=1000,1830,7445,9999$
1000,8477,5765,9999=1000,5765,8477,9999$
1000,7823,6316,9999=1000,6316,7823,9999$
1000,1514,9731,9999=1000,1514,9731,9999$
1000,1239,2371,9999=1000,1239,2371,9999$
1000,4479,3988,9999=1000,3988,4479,9999$
1000,6256,7794,9999=1000,6256,7794,9999$
1000,6859,3917,9999=1000,3917,6859,9999$
1000,2016,9900,9999=1000,2016,9900,9999$
1000,5446,2883,9999=1000,2883,5446,9999$
1000,4829,7951,9999=1000,4829,7951,9999$
1000,2894,7747,9999=1000,2894,7747,9999$
1000,4855,1933,9999=1000,1933,4855,9999$
1000,2563,5119,9999=1000,2563,5119,9999$
1000,9968,3809,9999=1000,3809,9968,9999$
1000,6079,3598,9999=1000,3598,6079,9999$
1000,3718,7966,9999=1000,3718,7966,9999$
1000,4931,7883,9999=1000,4931,7883,9999$
1000,6679,8831,9999=1000,6679,8831,9999$
1000,8623,7175,9999=1000,7175,8623,9999$
1000,7895,3646,9999=1000,3646,7895,9999$
1000,1917,2808,9999=1000,1917,2808,9999$
1000,1159,5828,9999=1000,1159,5828,9999$
1000,5849,3977,9999=1000,3977,5849,9999$
1000,8985,3757,9999=1000,3757,8985,9999$
1000,9198,2907,9999=1000,2907,9198,9999$
1000,3788,6897,9999=1000,3788,6897,9999$
1000,6646,5468,9999=1000,5468,6646,9999$
1000,3384,8910,9999=1000,3384,8910,9999$
1000,9168,6597,9999=1000,6597,9168,9999$
1000,5391,7009,9999=1000,5391,7009,9999$
1000,8655,1863,9999=1000,1863,8655,9999$
1000,6850,2096,9999=1000,2096,6850,9999$
1000,4363,3108,9999=1000,3108,4363,9999$
1000,2738,1992,9999=1000,1992,2738,9999$
1000,6118,7049,9999=1000,6118,7049,9999$
1000,9585,2612,9999=1000,2612,9585,9999$
1000,4537,9973,9999=1000,4537,9973,9999$
1000,7575,3913,9999=1000,3913,7575,9999$
1000,6896,4507,9999=1000,4507,6896,9999$
1000,6577,5936,9999=1000,5936,6577,9999$
1000,8356,3168,9999=1000,3168,8356,9999$
1000,4997,8809,9999=1000,4997,8809,9999$
1000,3906,9638,9999=1000,3906,9638,9999$
1000,1137,7854,9999=1000,1137,7854,9999$
1000,2913,8706,9999=1000,2913,8706,9999$
1000,9564,5640,9999=1000,5640,9564,9999$
1000,9522,1086,9999=1000,1086,9522,9999$
1000,7964,4827,9999=1000,4827,7964,9999$
1000,5815,9397,9999=1000,5815,9397,9999$
1000,1693,8800,9999=1000,1693,8800,9999$
1000,3496,6785,9999=1000,3496,6785,9999$
1000,4789,7877,9999=1000,4789,7877,9999$
1000,4366,1198,9999=1000,1198,4366,9999$
1000,1948,5839,9999=1000,1948,5839,9999$
1000,4973,9355,9999=1000,4973,9355,9999$
1000,7479,5583,9999=1000,5583,7479,9999$
1000,1798,2519,9999=1000,1798,2519,9999$
1000,1583,4822,9999=1000,1583,4822,9999$
1000,5627,2049,9999=1000,2049,5627,9999$
1000,3045,1854,9999=1000,1854,3045,9999$
1000,4841,3362,9999=1000,3362,4841,9999$
1000,8418,5937,9999=1000,5937,8418,9999$
1000,9722,8674,9999=1000,8674,9722,9999$
1000,6570,2245,9999=1000,2245,6570,9999$
1000,4066,3113,9999=1000,3113,4066,9999$
1000,7717,8872,9999=1000,7717,8872,9999$
1000,7920,9201,9999=1000,7920,9201,9999$
1000,6763,4177,9999=1000,4177,6763,9999$
1000,9502,1660,9999=1000,1660,9502,9999$
1000,8127,4068,9999=1000,4068,8127,9999$
1000,8431,2203,9999=1000,2203,8431,9999$
1000,4896,8708,9999=1000,4896,8708,9999$
1000,3714,4408,9999=1000,3714,4408,9999$
1000,2910,9138,9999=1000,2910,9138,9999$
1000,5236,6973,9999=1000,5236,6973,9999$
1000,5625,3762,9999=1000,3762,5625,9999$
1000,3890,5245,9999=1000,3890,5245,9999$
1000,5076,9422,9999=1000,5076,9422,9999$
1000,6911,7749,9999=1000,6911,7749,9999$
1000,5821,1558,9999=1000,1558,5821,9999$
1000,1718,4129,9999=1000,1718,4129,9999$
1000,3988,8469,9999=1000,3988,8469,9999$
1000,5982,9864,9999=1000,5982,9864,9999$
1000,8707,7419,9999=1000,7419,8707,9999$
1000,1277,5199,9999=1000,1277,5199,9999$
1000,3669,2948,9999=1000,2948,3669,9999$
1000,7934,3469,9999=1000,3469,7934,9999$
1000,7578,5109,9999=1000,5109,7578,9999$
1000,6064,5321,9999=1000,5321,6064,9999$
1000,4525,9603,9999=1000,4525,9603,9999$
1000,1704,2618,9999=1000,1704,2618,9999$
1000,8998,4019,9999=1000,4019,8998,9999$
1000,2216,6079,9999=1000,2216,6079,9999$
1000,3727,5980,9999=1000,3727,5980,9999$
1000,1847,7199,9999=1000,1847,7199,9999$
1000,7805,4913,9999=1000,4913,7805,9999$
1000,7318,2149,9999=1000,2149,7318,9999$
1000,6798,2489,9999=1000,2489,6798,9999$
1000,5205,3047,9999=1000,3047,5205,9999$
1000,6749,4976,9999=1000,4976,6749,9999$
1000,5892,6648,9999=1000,5892,6648,9999$
1000,1009,3398,9999=1000,1009,3398,9999$
1000,9522,3446,9999=1000,3446,9522,9999$
1000,3984,1157,9999=1000,1157,3984,9999$
1000,3734,9366,9999=1000,3734,9366,9999$
1000,4174,7401,9999=1000,4174,7401,9999$
1000,9619,6792,9999=1000,6792,9619,9999$
1000,6691,7700,9999=1000,6691,7700,9999$
1000,8632,3700,9999=1000,3700,8632,9999$
1000,3084,5222,9999=1000,3084,5222,9999$
1000,3019,8568,9999=1000,3019,8568,9999$
1000,1964,9377,9999=1000,1964,9377,9999$
1000,7943,1729,9999=1000,1729,7943,9999$
1000,5700,8526,9999=1000,5700,8526,9999$
1000,8645,4489,9999=1000,4489,8645,9999$
1000,2569,9692,9999=1000,2569,9692,9999$
1000,8966,3889,9999=1000,3889,8966,9999$
1000,7567,6429,9999=1000,6429,7567,9999$
1000,9887,8448,9999=1000,8448,9887,9999$
1000,3639,1768,9999=1000,1768,3639,9999$
1000,9546,8823,9999=1000,8823,9546,9999$
1000,1461,6177,9999=1000,1461,6177,9999$
1000,7493,5952,9999=1000,5952,7493,9999$
1000,7943,5118,9999=1000,5118,7943,9999$
1000,9086,2723,9999=1000,2723,9086,9999$
1000,4991,7846,9999=1000,4991,7846,9999$
1000,7063,1671,9999=1000,1671,7063,9999$
1000,1813,4539,9999=1000,1813,4539,9999$
1000,5820,2145,9999=1000,2145,5820,9999$
1000,9101,7840,9999=1000,7840,9101,9999$
1000,4703,3841,9999=1000,3841,4703,9999$
1000,5704,1843,9999=1000,1843,5704,9999$
1000,8990,2872,9999=1000,2872,8990,9999$
1000,7554,3408,9999=1000,3408,7554,9999$
1000,9557,6109,9999=1000,6109,9557,9999$
1000,4882,7027,9999=1000,4882,7027,9999$
1000,9787,8803,9999=1000,8803,9787,9999$
1000,2818,8977,9999=1000,2818,8977,9999$
1000,3799,5868,9999=1000,3799,5868,9999$
1000,8632,6901,9999=1000,6901,8632,9999$
1000,3985,6809,9999=1000,3985,6809,9999$
1000,9602,1434,9999=1000,1434,9602,9999$
1000,7029,3716,9999=1000,3716,7029,9999$
1000,6747,9079,9999=1000,6747,9079,9999$
1000,2597,8711,9999=1000,2597,8711,9999$
1000,1760,3648,9999=1000,1760,3648,9999$
1000,1835,5962,9999=1000,1835,5962,9999$
1000,4598,2289,9999=1000,2289,4598,9999$
1000,9132,2801,9999=1000,2801,9132,9999$
1000,6109,4837,9999=1000,4837,6109,9999$
1000,9545,7377,9999=1000,7377,9545,9999$
1000,5119,2607,9999=1000,2607,5119,9999$
1000,5775,3699,9999=1000,3699,5775,9999$
1000,4159,7917,9999=1000,4159,7917,9999$
1000,2835,4768,9999=1000,2835,4768,9999$
1000,5863,3709,9999=1000,3709,5863,9999$
1000,7925,1658,9999=1000,1658,7925,9999$
1000,7172,9921,9999=1000,7172,9921,9999$
1000,8508,4994,9999=1000,4994,8508,9999$
1000,9776,4904,9999=1000,4904,9776,9999$
1000,9129,1688,9999=1000,1688,9129,9999$
1000,8268,3504,9999=1000,3504,8268,9999$
1000,9828,7980,9999=1000,7980,9828,9999$
1000,7645,8923,9999=1000,7645,8923,9999$
1000,8839,2967,9999=1000,2967,8839,9999$
1000,3899,7928,9999=1000,3899,7928,9999$
1000,1903,8855,9999=1000,1903,8855,9999$
1000,1559,7638,9999=1000,1559,7638,9999$
1000,8996,4568,9999=1000,4568,8996,9999$
1000,1039,7868,9999=1000,1039,7868,9999$
1000,8158,6243,9999=1000,6243,8158,9999$
1000,5626,3982,9999=1000,3982,5626,9999$
1000,4203,3631,9999=1000,3631,4203,9999$
1000,2158,9981,9999=1000,2158,9981,9999$
1000,3941,1826,9999=1000,1826,3941,9999$
1000,5598,8781,9999=1000,5598,8781,9999$
1000,1299,5826,9999=1000,1299,5826,9999$
1000,9618,1857,9999=1000,1857,9618,9999$
1000,1980,8704,9999=1000,1980,8704,9999$
1000,2630,8081,9999=1000,2630,8081,9999$
1000,5737,4824,9999=1000,4824,5737,9999$
1000,7417,4886,9999=1000,4886,7417,9999$
1000,9785,1038,9999=1000,1038,9785,9999$
1000,1355,4993,9999=1000,1355,4993,9999$
1000,8471,3128,9999=1000,3128,8471,9999$
1000,4702,7659,9999=1000,4702,7659,9999$
1000,7672,8267,9999=1000,7672,8267,9999$
1000,5538,7687,9999=1000,5538,7687,9999$
1000,9747,7906,9999=1000,7906,9747,9999$
1000,3480,1103,9999=1000,1103,3480,9999$
1000,3850,2345,9999=1000,2345,3850,9999$
1000,5295,1533,9999=1000,1533,5295,9999$
1000,4109,3232,9999=1000,3232,4109,9999$
1000,6357,7604,9999=1000,6357,7604,9999$
1000,1963,5898,9999=1000,1963,5898,9999$
1000,4337,5722,9999=1000,4337,5722,9999$
1000,7804,3991,9999=1000,3991,7804,9999$
1000,5815,6039,9999=1000,5815,6039,9999$
1000,6704,3923,9999=1000,3923,6704,9999$
1000,8147,9266,9999=1000,8147,9266,9999$
1000,5692,2534,9999=1000,2534,5692,9999$
1000,7517,9746,9999=1000,7517,9746,9999$
1000,7878,5954,9999=1000,5954,7878,9999$
1000,2303,4470,9999=1000,2303,4470,9999$
1000,9353,5521,9999=1000,5521,9353,9999$
1000,6159,4663,9999=1000,4663,6159,9999$
1000,3099,2917,9999=1000,2917,3099,9999$
1000,8544,3286,9999=1000,3286,8544,9999$
1000,3489,2798,9999=1000,2798,3489,9999$
1000,3049,1797,9999=1000,1797,3049,9999$
1000,4935,5826,9999=1000,4935,5826,9999$
1000,6828,1966,9999=1000,1966,6828,9999$
1000,1988,7859,9999=1000,1988,7859,9999$
1000,6279,8328,9999=1000,6279,8328,9999$
1000,7328,9935,9999=1000,7328,9935,9999$
1000,2226,8995,9999=1000,2226,8995,9999$
1000,2457,4872,9999=1000,2457,4872,9999$
1000,7292,4049,9999=1000,4049,7292,9999$
1000,3241,5710,9999=1000,3241,5710,9999$
1000,7625,8880,9999=1000,7625,8880,9999$
1000,6299,1357,9999=1000,1357,6299,9999$
1000,1136,2513,9999=1000,1136,2513,9999$
1000,4725,3831,9999=1000,3831,4725,9999$
1000,7907,1879,9999=1000,1879,7907,9999$
1000,1669,7747,9999=1000,1669,7747,9999$
1000,3640,8536,9999=1000,3640,8536,9999$
1000,4129,9946,9999=1000,4129,9946,9999$
1000,3711,5342,9999=1000,3711,5342,9999$
1000,5318,6971,9999=1000,5318,6971,9999$
1000,6742,5316,9999=1000,5316,6742,9999$
1000,8689,7756,9999=1000,7756,8689,9999$
1000,4097,6546,9999=1000,4097,6546,9999$
1000,8851,6719,9999=1000,6719,8851,9999$
1000,4249,3528,9999=1000,3528,4249,9999$
1000,8746,5853,9999=1000,5853,8746,9999$
1000,6954,8638,9999=1000,6954,8638,9999$
1000,1756,4547,9999=1000,1756,4547,9999$
1000,7845,1984,9999=1000,1984,7845,9999$
1000,1599,2857,9999=1000,1599,2857,9999$
1000,3067,2143,9999=1000,2143,3067,9999$
1000,9746,2971,9999=1000,2971,9746,9999$
1000,4387,9790,9999=1000,4387,9790,9999$
1000,7984,2578,9999=1000,2578,7984,9999$
1000,8165,3734,9999=1000,3734,8165,9999$
1000,9687,6208,9999=1000,6208,9687,9999$
1000,2785,1940,9999=1000,1940,2785,9999$
1000,4067,7473,9999=1000,4067,7473,9999$
1000,5099,8787,9999=1000,5099,8787,9999$
1000,4462,1188,9999=1000,1188,4462,9999$
1000,3560,8489,9999=1000,3560,8489,9999$
1000,8656,7538,9999=1000,7538,8656,9999$
1000,4838,8259,9999=1000,4838,8259,9999$
1000,7952,1464,9999=1000,1464,7952,9999$
1000,2901,9858,9999=1000,2901,9858,9999$
1000,8067,1276,9999=1000,1276,8067,9999$
1000,1938,9829,9999=1000,1938,9829,9999$
1000,8587,2723,9999=1000,2723,8587,9999$
1000,2406,9994,9999=1000,2406,9994,9999$
1000,7825,5901,9999=1000,5901,7825,9999$
1000,6598,5907,9999=1000,5907,6598,9999$
1000,7810,3766,9999=1000,3766,7810,9999$
1000,5943,3834,9999=1000,3834,5943,9999$
1000,3779,2896,9999=1000,2896,3779,9999$
1000,7838,5911,9999=1000,5911,7838,9999$
1000,5382,3710,9999=1000,3710,5382,9999$
1000,8498,1527,9999=1000,1527,8498,9999$
1000,4186,1992,9999=1000,1992,4186,9999$
1000,3798,4469,9999=1000,3798,4469,9999$
1000,1777,2529,9999=1000,1777,2529,9999$
1000,2164,3891,9999=1000,2164,3891,9999$
1000,8069,7922,9999=1000,7922,8069,9999$
1000,1299,5613,9999=1000,1299,5613,9999$
1000,5648,6932,9999=1000,5648,6932,9999$
1000,5480,7175,9999=1000,5480,7175,9999$
1000,3024,6262,9999=1000,3024,6262,9999$
1000,8439,6907,9999=1000,6907,8439,9999$
1000,1892,5769,9999=1000,1892,5769,9999$
1000,5468,4555,9999=1000,4555,5468,9999$
1000,4945,8898,9999=1000,4945,8898,9999$
1000,1961,5847,9999=1000,1961,5847,9999$
1000,8634,9892,9999=1000,8634,9892,9999$
1000,3769,5904,9999=1000,3769,5904,9999$
1000,2852,4748,9999=1000,2852,4748,9999$
1000,1223,6692,9999=1000,1223,6692,9999$
1000,7763,8616,9999=1000,7763,8616,9999$
1000,7599,3986,9999=1000,3986,7599,9999$
1000,9970,8585,9999=1000,8585,9970,9999$
1000,2844,5993,9999=1000,2844,5993,9999$
1000,6492,4186,9999=1000,4186,6492,9999$
1000,1007,2826,9999=1000,1007,2826,9999$
1000,2534,6105,9999=1000,2534,6105,9999$
1000,1883,5972,9999=1000,1883,5972,9999$
1000,9256,7570,9999=1000,7570,9256,9999$
1000,3389,1427,9999=1000,1427,3389,9999$
1000,7798,2649,9999=1000,2649,7798,9999$
1000,6985,8127,9999=1000,6985,8127,9999$
1000,1899,9965,9999=1000,1899,9965,9999$
1000,3405,6854,9999=1000,3405,6854,9999$
1000,3936,7717,9999=1000,3936,7717,9999$
1000,1279,2387,9999=1000,1279,2387,9999$
1000,1362,5218,9999=1000,1362,5218,9999$
1000,6597,2338,9999=1000,2338,6597,9999$
1000,4727,6459,9999=1000,4727,6459,9999$
1000,9749,1982,9999=1000,1982,9749,9999$
1000,4915,7706,9999=1000,4915,7706,9999$
1000,2607,9598,9999=1000,2607,9598,9999$
1000,3312,7650,9999=1000,3312,7650,9999$
1000,9887,6901,9999=1000,6901,9887,9999$
1000,8841,5378,9999=1000,5378,8841,9999$
1000,1075,9400,9999=1000,1075,9400,9999$
1000,6019,5498,9999=1000,5498,6019,9999$
1000,3882,2609,9999=1000,2609,3882,9999$
1000,1984,5855,9999=1000,1984,5855,9999$
1000,8528,1676,9999=1000,1676,8528,9999$
1000,7634,4743,9999=1000,4743,7634,9999$
1000,4946,9858,9999=1000,4946,9858,9999$
1000,1109,9338,9999=1000,1109,9338,9999$
1000,4916,2248,9999=1000,2248,4916,9999$
1000,2557,3695,9999=1000,2557,3695,9999$
1000,7628,4714,9999=1000,4714,7628,9999$
1000,3709,4867,9999=1000,3709,4867,9999$
1000,5048,7952,9999=1000,5048,7952,9999$
1000,4178,2713,9999=1000,2713,4178,9999$
1000,5976,8267,9999=1000,5976,8267,9999$
1000,4790,7563,9999=1000,4790,7563,9999$
1000,7589,2948,9999=1000,2948,7589,9999$
1000,1567,5696,9999=1000,1567,5696,9999$
1000,1063,8630,9999=1000,1063,8630,9999$
1000,9960,2844,9999=1000,2844,9960,9999$
1000,1920,3303,9999=1000,1920,3303,9999$
1000,6309,3755,9999=1000,3755,6309,9999$
1000,6118,4039,9999=1000,4039,6118,9999$
1000,1975,4758,9999=1000,1975,4758,9999$
1000,5807,3964,9999=1000,3964,5807,9999$
1000,4819,2998,9999=1000,2998,4819,9999$
1000,6488,7736,9999=1000,6488,7736,9999$
1000,3796,4950,9999=1000,3796,4950,9999$
1000,7706,8647,9999=1000,7706,8647,9999$
1000,5708,8886,9999=1000,5708,8886,9999$
1000,1738,4169,9999=1000,1738,4169,9999$
1000,1953,3139,9999=1000,1953,3139,9999$
1000,2079,8618,9999=1000,2079,8618,9999$
1000,1128,7533,9999=1000,1128,7533,9999$
1000,6677,5845,9999=1000,5845,6677,9999$
1000,2778,7801,9999=1000,2778,7801,9999$
1000,7669,5738,9999=1000,5738,7669,9999$
1000,4899,7976,9999=1000,4899,7976,9999$
1000,1977,7309,9999=1000,1977,7309,9999$
1000,2432,6103,9999=1000,2432,6103,9999$
1000,6278,8837,9999=1000,6278,8837,9999$
1000,3099,5368,9999=1000,3099,5368,9999$
1000,6922,4775,9999=1000,4775,6922,9999$
1000,3478,9239,9999=1000,3478,9239,9999$
1000,3224,1045,9999=1000,1045,3224,9999$
1000,2297,8734,9999=1000,2297,8734,9999$
1000,3940,5888,9999=1000,3940,5888,9999$
1000,6716,7567,9999=1000,6716,7567,9999$
1000,8361,6410,9999=1000,6410,8361,9999$
1000,7936,5249,9999=1000,5249,7936,9999$
1000,3378,4581,9999=1000,3378,4581,9999$
1000,9867,1778,9999=1000,1778,9867,9999$
1000,4007,7645,9999=1000,4007,7645,9999$
1000,9025,5854,9999=1000,5854,9025,9999$
1000,3845,9607,9999=1000,3845,9607,9999$
1000,7063,9722,9999=1000,7063,9722,9999$
1000,1964,5538,9999=1000,1964,5538,9999$
1000,2795,6871,9999=1000,2795,6871,9999$
1000,8896,5910,9999=1000,5910,8896,9999$
1000,6646,1834,9999=1000,1834,6646,9999$
1000,3431,4154,9999=1000,3431,4154,9999$
1000,9913,2866,9999=1000,2866,9913,9999$
1000,1912,2634,9999=1000,1912,2634,9999$
1000,4279,6546,9999=1000,4279,6546,9999$
1000,8912,9894,9999=1000,8912,9894,9999$
1000,8506,9469,9999=1000,8506,9469,9999$
1000,1915,8449,9999=1000,1915,8449,9999$
1000,5890,9486,9999=1000,5890,9486,9999$
1000,9778,7649,9999=1000,7649,9778,9999$
1000,1129,9248,9999=1000,1129,9248,9999$
1000,3018,8276,9999=1000,3018,8276,9999$
1000,6479,7797,9999=1000,6479,7797,9999$
1000,6259,7587,9999=1000,6259,7587,9999$
1000,5709,1918,9999=1000,1918,5709,9999$
1000,9648,3805,9999=1000,3805,9648,9999$
1000,6721,2439,9999=1000,2439,6721,9999$
1000,5627,1946,9999=1000,1946,5627,9999$
1000,9950,4184,9999=1000,4184,9950,9999$
1000,7603,4458,9999=1000,4458,7603,9999$
1000,7628,1509,9999=1000,1509,7628,9999$
1000,1019,6741,9999=1000,1019,6741,9999$
1000,8225,9754,9999=1000,8225,9754,9999$
1000,4760,7448,9999=1000,4760,7448,9999$
1000,4869,7985,9999=1000,4869,7985,9999$
1000,4902,6868,9999=1000,4902,6868,9999$
1000,7027,1451,9999=1000,1451,7027,9999$
1000,9056,3893,9999=1000,3893,9056,9999$
1000,3937,1719,9999=1000,1719,3937,9999$
1000,9671,7158,9999=1000,7158,9671,9999$
1000,5935,3209,9999=1000,3209,5935,9999$
1000,9317,5576,9999=1000,5576,9317,9999$
1000,6699,8844,9999=1000,6699,8844,9999$
1000,4872,2639,9999=1000,2639,4872,9999$
1000,4957,2818,9999=1000,2818,4957,9999$
1000,5868,3459,9999=1000,3459,5868,9999$
1000,7238,3427,9999=1000,3427,7238,9999$
1000,8028,1136,9999=1000,1136,8028,9999$
1000,5708,9995,9999=1000,5708,9995,9999$
1000,2369,9888,9999=1000,2369,9888,9999$
1000,9177,1731,9999=1000,1731,9177,9999$
1000,8689,1746,9999=1000,1746,8689,9999$
1000,4383,6890,9999=1000,4383,6890,9999$
1000,1664,9911,9999=1000,1664,9911,9999$
1000,2952,1817,9999=1000,1817,2952,9999$
1000,9810,7097,9999=1000,7097,9810,9999$
1000,7218,1407,9999=1000,1407,7218,9999$
1000,9564,3399,9999=1000,3399,9564,9999$
1000,7995,5376,9999=1000,5376,7995,9999$
1000,7953,9685,9999=1000,7953,9685,9999$
1000,6871,7704,9999=1000,6871,7704,9999$
1000,4058,2667,9999=1000,2667,4058,9999$
1000,6317,3894,9999=1000,3894,6317,9999$
1000,5941,1863,9999=1000,1863,5941,9999$
1000,5443,2189,9999=1000,2189,5443,9999$
1000,6835,1779,9999=1000,1779,6835,9999$
1000,9908,2789,9999=1000,2789,9908,9999$
1000,3848,5954,9999=1000,3848,5954,9999$
1000,8906,5648,9999=1000,5648,8906,9999$
1000,1963,3537,9999=1000,1963,3537,9999$
1000,9917,4768,9999=1000,4768,9917,9999$
1000,3930,9813,9999=1000,3930,9813,9999$
1000,2683,7455,9999=1000,2683,7455,9999$
1000,3618,6579,9999=1000,3618,6579,9999$
1000,5893,4066,9999=1000,4066,5893,9999$
1000,5178,8745,9999=1000,5178,8745,9999$
1000,2746,9815,9999=1000,2746,9815,9999$
1000,3918,4699,9999=1000,3918,4699,9999$
1000,5930,2755,9999=1000,2755,5930,9999$
1000,9277,4782,9999=1000,4782,9277,9999$
1000,7336,5049,9999=1000,5049,7336,9999$
1000,6398,1269,9999=1000,1269,6398,9999$
1000,7678,8886,9999=1000,7678,8886,9999$
1000,2622,1369,9999=1000,1369,2622,9999$
1000,1628,4339,9999=1000,1628,4339,9999$
1000,2875,5666,9999=1000,2875,5666,9999$
1000,2477,9716,9999=1000,2477,9716,9999$
1000,5509,6637,9999=1000,5509,6637,9999$
1000,7668,6741,9999=1000,6741,7668,9999$
1000,4528,9975,9999=1000,4528,9975,9999$
1000,3479,4584,9999=1000,3479,4584,9999$
1000,1238,2895,9999=1000,1238,2895,9999$
