1000,7499,2598,9999=1000,2598,7499,9999$
1000,6717,5418,9999=1000,5418,6717,9999$
1000,3425,8723,9999=1000,3425,8723,9999$
1000,1276,3178,9999=1000,1276,3178,9999$
1000,5892,9699,9999=1000,5892,9699,9999$
1000,9825,8726,9999=1000,8726,9825,9999$
1000,7699,8898,9999=1000,7699,8898,9999$
1000,5578,2079,9999=1000,2079,5578,9999$
1000,2988,5889,9999=1000,2988,5889,9999$
1000,9875,1970,9999=1000,1970,9875,9999$
1000,4839,9936,9999=1000,4839,9936,9999$
1000,8209,1600,9999=1000,1600,8209,9999$
1000,7156,5454,9999=1000,5454,7156,9999$
1000,5623,2922,9999=1000,2922,5623,9999$
1000,6097,3596,9999=1000,3596,6097,9999$
1000,3851,8452,9999=1000,3851,8452,9999$
1000,4836,5931,9999=1000,4836,5931,9999$
1000,6900,9107,9999=1000,6900,9107,9999$
1000,1538,6139,9999=1000,1538,6139,9999$
1000,7845,9942,9999=1000,7845,9942,9999$
1000,3987,5688,9999=1000,3987,5688,9999$
1000,8300,5208,9999=1000,5208,8300,9999$
1000,5848,8349,9999=1000,5848,8349,9999$
1000,3604,2901,9999=1000,2901,3604,9999$
1000,5888,8985,9999=1000,5888,8985,9999$
1000,5873,4577,9999=1000,4577,5873,9999$
1000,6890,1298,9999=1000,1298,6890,9999$
1000,1709,4908,9999=1000,1709,4908,9999$
1000,9815,1719,9999=1000,1719,9815,9999$
1000,6099,8297,9999=1000,6099,8297,9999$
1000,8037,1535,9999=1000,1535,8037,9999$
1000,5715,4910,9999=1000,4910,5715,9999$
1000,4679,1774,9999=1000,1774,4679,9999$
1000,8382,3288,9999=1000,3288,8382,9999$
1000,3814,6316,9999=1000,3814,6316,9999$
1000,9806,5709,9999=1000,5709,9806,9999$
1000,6801,8609,9999=1000,6801,8609,9999$
1000,6474,1378,9999=1000,1378,6474,9999$
1000,8382,6681,9999=1000,6681,8382,9999$
1000,7535,2338,9999=1000,2338,7535,9999$
1000,2016,1614,9999=1000,1614,2016,9999$
1000,8618,4019,9999=1000,4019,8618,9999$
1000,8310,2111,9999=1000,2111,8310,9999$
1000,6860,2065,9999=1000,2065,6860,9999$
1000,7095,2990,9999=1000,2990,7095,9999$
1000,7760,2668,9999=1000,2668,7760,9999$
1000,8760,7168,9999=1000,7168,8760,9999$
1000,6088,4283,9999=1000,4283,6088,9999$
1000,9724,5922,9999=1000,5922,9724,9999$
1000,1628,2925,9999=1000,1628,2925,9999$
1000,9498,3995,9999=1000,3995,9498,9999$
1000,1858,4956,9999=1000,1858,4956,9999$
1000,4737,5539,9999=1000,4737,5539,9999$
1000,6892,7693,9999=1000,6892,7693,9999$
1000,1077,9473,9999=1000,1077,9473,9999$
1000,4597,5993,9999=1000,4597,5993,9999$
1000,1529,7628,9999=1000,1529,7628,9999$
1000,5524,9620,9999=1000,5524,9620,9999$
1000,5437,3635,9999=1000,3635,5437,9999$
1000,4423,1520,9999=1000,1520,4423,9999$
1000,2863,7466,9999=1000,2863,7466,9999$
1000,3352,8154,9999=1000,3352,8154,9999$
1000,4933,8534,9999=1000,4933,8534,9999$
1000,4790,6595,9999=1000,4790,6595,9999$
1000,9124,8921,9999=1000,8921,9124,9999$
1000,7788,6885,9999=1000,6885,7788,9999$
1000,8684,9980,9999=1000,8684,9980,9999$
1000,4734,9638,9999=1000,4734,9638,9999$
1000,3166,7461,9999=1000,3166,7461,9999$
1000,9079,6878,9999=1000,6878,9079,9999$
1000,8568,9965,9999=1000,8568,9965,9999$
1000,1466,4565,9999=1000,1466,4565,9999$
1000,9441,2343,9999=1000,2343,9441,9999$
1000,1557,5854,9999=1000,1557,5854,9999$
1000,3439,6735,9999=1000,3439,6735,9999$
1000,1966,9267,9999=1000,1966,9267,9999$
1000,4839,9937,9999=1000,4839,9937,9999$
1000,6619,4717,9999=1000,4717,6619,9999$
1000,1288,7580,9999=1000,1288,7580,9999$
1000,6659,4958,9999=1000,4958,6659,9999$
1000,1556,2258,9999=1000,1556,2258,9999$
1000,7731,2337,9999=1000,2337,7731,9999$
1000,8198,5490,9999=1000,5490,8198,9999$
1000,3605,5803,9999=1000,3605,5803,9999$
1000,9545,2642,9999=1000,2642,9545,9999$
1000,7766,3268,9999=1000,3268,7766,9999$
1000,7319,4616,9999=1000,4616,7319,9999$
1000,3974,6876,9999=1000,3974,6876,9999$
1000,3608,9903,9999=1000,3608,9903,9999$
1000,8058,9254,9999=1000,8058,9254,9999$
1000,5653,8255,9999=1000,5653,8255,9999$
1000,7298,9891,9999=1000,7298,9891,9999$
1000,4805,3901,9999=1000,3901,4805,9999$
1000,7378,2179,9999=1000,2179,7378,9999$
1000,8868,3967,9999=1000,3967,8868,9999$
1000,8617,7716,9999=1000,7716,8617,9999$
1000,5507,2209,9999=1000,2209,5507,9999$
1000,2977,3378,9999=1000,2977,3378,9999$
1000,5075,3272,9999=1000,3272,5075,9999$
1000,9016,7512,9999=1000,7512,9016,9999$
1000,3957,5858,9999=1000,3957,5858,9999$
1000,2880,8781,9999=1000,2880,8781,9999$
1000,4362,5561,9999=1000,4362,5561,9999$
1000,1365,2961,9999=1000,1365,2961,9999$
1000,3818,4915,9999=1000,3818,4915,9999$
1000,4881,5685,9999=1000,4881,5685,9999$
1000,2036,7735,9999=1000,2036,7735,9999$
1000,4466,9965,9999=1000,4466,9965,9999$
1000,4719,8818,9999=1000,4719,8818,9999$
1000,2942,7645,9999=1000,2942,7645,9999$
1000,6029,9826,9999=1000,6029,9826,9999$
1000,9139,1633,9999=1000,1633,9139,9999$
1000,4566,2964,9999=1000,2964,4566,9999$
1000,7927,4329,9999=1000,4329,7927,9999$
1000,5926,7029,9999=1000,5926,7029,9999$
1000,1843,5545,9999=1000,1843,5545,9999$
1000,1886,5389,9999=1000,1886,5389,9999$
1000,3951,9155,9999=1000,3951,9155,9999$
1000,3209,5708,9999=1000,3209,5708,9999$
1000,9738,2932,9999=1000,2932,9738,9999$
1000,4339,8634,9999=1000,4339,8634,9999$
1000,4875,6779,9999=1000,4875,6779,9999$
1000,3869,9962,9999=1000,3869,9962,9999$
1000,1179,8678,9999=1000,1179,8678,9999$
1000,3488,6884,9999=1000,3488,6884,9999$
1000,8784,2882,9999=1000,2882,8784,9999$
1000,1609,7805,9999=1000,1609,7805,9999$
1000,5079,2276,9999=1000,2276,5079,9999$
1000,4925,8526,9999=1000,4925,8526,9999$
1000,7063,4660,9999=1000,4660,7063,9999$
1000,8243,3341,9999=1000,3341,8243,9999$
1000,7762,2369,9999=1000,2369,7762,9999$
1000,5964,6868,9999=1000,5964,6868,9999$
1000,2616,7419,9999=1000,2616,7419,9999$
1000,1241,4048,9999=1000,1241,4048,9999$
1000,7485,5287,9999=1000,5287,7485,9999$
1000,4125,9923,9999=1000,4125,9923,9999$
1000,1636,4338,9999=1000,1636,4338,9999$
1000,2196,4891,9999=1000,2196,4891,9999$
1000,6911,1712,9999=1000,1712,6911,9999$
1000,5203,1008,9999=1000,1008,5203,9999$
1000,7906,5708,9999=1000,5708,7906,9999$
1000,6956,7559,9999=1000,6956,7559,9999$
1000,6806,7009,9999=1000,6806,7009,9999$
1000,1625,3429,9999=1000,1625,3429,9999$
1000,8690,7096,9999=1000,7096,8690,9999$
1000,6707,9901,9999=1000,6707,9901,9999$
1000,8963,2469,9999=1000,2469,8963,9999$
1000,9129,1628,9999=1000,1628,9129,9999$
1000,8825,2923,9999=1000,2923,8825,9999$
1000,2029,3325,9999=1000,2029,3325,9999$
1000,4448,6149,9999=1000,4448,6149,9999$
1000,6716,4119,9999=1000,4119,6716,9999$
1000,9661,7366,9999=1000,7366,9661,9999$
1000,2317,3911,9999=1000,2317,3911,9999$
1000,6520,8029,9999=1000,6520,8029,9999$
1000,7539,8738,9999=1000,7539,8738,9999$
1000,7912,1719,9999=1000,1719,7912,9999$
1000,4744,9246,9999=1000,4744,9246,9999$
1000,6607,5108,9999=1000,5108,6607,9999$
1000,5579,8773,9999=1000,5579,8773,9999$
1000,1832,4633,9999=1000,1832,4633,9999$
1000,7788,6986,9999=1000,6986,7788,9999$
1000,9319,5918,9999=1000,5918,9319,9999$
1000,3517,7018,9999=1000,3517,7018,9999$
1000,3693,9495,9999=1000,3693,9495,9999$
1000,1436,7138,9999=1000,1436,7138,9999$
1000,1722,3820,9999=1000,1722,3820,9999$
1000,6780,8682,9999=1000,6780,8682,9999$
1000,7239,9836,9999=1000,7239,9836,9999$
1000,8712,7910,9999=1000,7910,8712,9999$
1000,2818,3910,9999=1000,2818,3910,9999$
1000,2643,4842,9999=1000,2643,4842,9999$
1000,2059,4758,9999=1000,2059,4758,9999$
1000,9911,2314,9999=1000,2314,9911,9999$
1000,3690,1593,9999=1000,1593,3690,9999$
1000,4493,3591,9999=1000,3591,4493,9999$
1000,5680,7284,9999=1000,5680,7284,9999$
1000,1847,6749,9999=1000,1847,6749,9999$
1000,6480,4084,9999=1000,4084,6480,9999$
1000,5925,4828,9999=1000,4828,5925,9999$
1000,7822,2426,9999=1000,2426,7822,9999$
1000,2773,6274,9999=1000,2773,6274,9999$
1000,4946,7847,9999=1000,4946,7847,9999$
1000,7355,8454,9999=1000,7355,8454,9999$
1000,2188,8785,9999=1000,2188,8785,9999$
1000,4627,6726,9999=1000,4627,6726,9999$
1000,3818,6719,9999=1000,3818,6719,9999$
1000,5395,6099,9999=1000,5395,6099,9999$
1000,6229,8520,9999=1000,6229,8520,9999$
1000,3427,4525,9999=1000,3427,4525,9999$
1000,7599,9998,9999=1000,7599,9998,9999$
1000,7148,4646,9999=1000,4646,7148,9999$
1000,2410,3112,9999=1000,2410,3112,9999$
1000,9748,8049,9999=1000,8049,9748,9999$
1000,8377,2970,9999=1000,2970,8377,9999$
1000,6987,4888,9999=1000,4888,6987,9999$
1000,4286,3785,9999=1000,3785,4286,9999$
1000,8168,7763,9999=1000,7763,8168,9999$
1000,5417,6610,9999=1000,5417,6610,9999$
1000,5835,1736,9999=1000,1736,5835,9999$
1000,8197,6295,9999=1000,6295,8197,9999$
1000,6764,1861,9999=1000,1861,6764,9999$
1000,2469,9667,9999=1000,2469,9667,9999$
1000,5255,7754,9999=1000,5255,7754,9999$
1000,8677,3775,9999=1000,3775,8677,9999$
1000,4616,6815,9999=1000,4616,6815,9999$
1000,4526,9428,9999=1000,4526,9428,9999$
1000,8687,3986,9999=1000,3986,8687,9999$
1000,2514,1613,9999=1000,1613,2514,9999$
1000,7458,1757,9999=1000,1757,7458,9999$
1000,4464,3265,9999=1000,3265,4464,9999$
1000,4148,8443,9999=1000,4148,8443,9999$
1000,4025,2523,9999=1000,2523,4025,9999$
1000,1069,5766,9999=1000,1069,5766,9999$
1000,4749,5848,9999=1000,4749,5848,9999$
1000,5407,2706,9999=1000,2706,5407,9999$
1000,1056,4653,9999=1000,1056,4653,9999$
1000,5478,2875,9999=1000,2875,5478,9999$
1000,2945,3848,9999=1000,2945,3848,9999$
1000,9457,6656,9999=1000,6656,9457,9999$
1000,3318,2517,9999=1000,2517,3318,9999$
1000,9719,6818,9999=1000,6818,9719,9999$
1000,3408,5905,9999=1000,3408,5905,9999$
1000,2679,8978,9999=1000,2679,8978,9999$
1000,5028,3426,9999=1000,3426,5028,9999$
1000,9889,2988,9999=1000,2988,9889,9999$
1000,5268,4763,9999=1000,4763,5268,9999$
1000,9904,8806,9999=1000,8806,9904,9999$
1000,5046,2943,9999=1000,2943,5046,9999$
1000,3503,6405,9999=1000,3503,6405,9999$
1000,2881,1586,9999=1000,1586,2881,9999$
1000,7027,5125,9999=1000,5125,7027,9999$
1000,3946,6849,9999=1000,3946,6849,9999$
1000,9644,4346,9999=1000,4346,9644,9999$
1000,7696,3892,9999=1000,3892,7696,9999$
1000,8218,3417,9999=1000,3417,8218,9999$
1000,1249,6946,9999=1000,1249,6946,9999$
1000,4699,2797,9999=1000,2797,4699,9999$
1000,9216,3018,9999=1000,3018,9216,9999$
1000,2303,1004,9999=1000,1004,2303,9999$
1000,3248,1049,9999=1000,1049,3248,9999$
1000,4717,3814,9999=1000,3814,4717,9999$
1000,3472,5971,9999=1000,3472,5971,9999$
1000,2604,6700,9999=1000,2604,6700,9999$
1000,4509,8803,9999=1000,4509,8803,9999$
1000,2166,9561,9999=1000,2166,9561,9999$
1000,2154,7252,9999=1000,2154,7252,9999$
1000,9764,6669,9999=1000,6669,9764,9999$
1000,6745,2944,9999=1000,2944,6745,9999$
1000,3608,4807,9999=1000,3608,4807,9999$
1000,7519,5712,9999=1000,5712,7519,9999$
1000,6767,7965,9999=1000,6767,7965,9999$
1000,7938,8839,9999=1000,7938,8839,9999$
1000,2961,8365,9999=1000,2961,8365,9999$
1000,1658,5059,9999=1000,1658,5059,9999$
1000,2724,1528,9999=1000,1528,2724,9999$
1000,9323,7422,9999=1000,7422,9323,9999$
1000,7820,1622,9999=1000,1622,7820,9999$
1000,2392,9295,9999=1000,2392,9295,9999$
1000,2626,5722,9999=1000,2626,5722,9999$
1000,9525,5920,9999=1000,5920,9525,9999$
1000,3318,1019,9999=1000,1019,3318,9999$
1000,7908,8709,9999=1000,7908,8709,9999$
1000,7138,3832,9999=1000,3832,7138,9999$
1000,7239,1938,9999=1000,1938,7239,9999$
1000,8872,6673,9999=1000,6673,8872,9999$
1000,7158,4355,9999=1000,4355,7158,9999$
1000,4108,6303,9999=1000,4108,6303,9999$
1000,5404,4005,9999=1000,4005,5404,9999$
1000,1595,9694,9999=1000,1595,9694,9999$
1000,5955,8557,9999=1000,5955,8557,9999$
1000,6918,8819,9999=1000,6918,8819,9999$
1000,7502,9004,9999=1000,7502,9004,9999$
1000,2572,3379,9999=1000,2572,3379,9999$
1000,9227,6524,9999=1000,6524,9227,9999$
1000,7793,1698,9999=1000,1698,7793,9999$
1000,2890,4793,9999=1000,2890,4793,9999$
1000,9745,2942,9999=1000,2942,9745,9999$
1000,2621,6524,9999=1000,2621,6524,9999$
1000,5871,9779,9999=1000,5871,9779,9999$
1000,6208,5605,9999=1000,5605,6208,9999$
1000,2550,8454,9999=1000,2550,8454,9999$
1000,1882,4487,9999=1000,1882,4487,9999$
1000,2769,5865,9999=1000,2769,5865,9999$
1000,9278,8871,9999=1000,8871,9278,9999$
1000,4568,8867,9999=1000,4568,8867,9999$
1000,2878,6977,9999=1000,2878,6977,9999$
1000,6735,1639,9999=1000,1639,6735,9999$
1000,4077,1774,9999=1000,1774,4077,9999$
1000,2628,4724,9999=1000,2628,4724,9999$
1000,9660,4462,9999=1000,4462,9660,9999$
1000,6569,5967,9999=1000,5967,6569,9999$
1000,3689,8788,9999=1000,3689,8788,9999$
1000,3612,7516,9999=1000,3612,7516,9999$
1000,8629,6828,9999=1000,6828,8629,9999$
1000,3273,9179,9999=1000,3273,9179,9999$
1000,7633,3335,9999=1000,3335,7633,9999$
1000,1594,7099,9999=1000,1594,7099,9999$
1000,8519,9818,9999=1000,8519,9818,9999$
1000,6985,2787,9999=1000,2787,6985,9999$
1000,3689,8984,9999=1000,3689,8984,9999$
1000,2019,3711,9999=1000,2019,3711,9999$
1000,9994,2898,9999=1000,2898,9994,9999$
1000,4537,9138,9999=1000,4537,9138,9999$
1000,8755,7657,9999=1000,7657,8755,9999$
1000,5786,6489,9999=1000,5786,6489,9999$
1000,1038,8335,9999=1000,1038,8335,9999$
1000,3657,8756,9999=1000,3657,8756,9999$
1000,7992,3696,9999=1000,3696,7992,9999$
1000,9159,3458,9999=1000,3458,9159,9999$
1000,7593,5294,9999=1000,5294,7593,9999$
1000,1219,8318,9999=1000,1219,8318,9999$
1000,7695,1297,9999=1000,1297,7695,9999$
1000,4338,6936,9999=1000,4338,6936,9999$
1000,5201,2009,9999=1000,2009,5201,9999$
1000,2493,3691,9999=1000,2493,3691,9999$
1000,6777,4876,9999=1000,4876,6777,9999$
1000,2877,5678,9999=1000,2877,5678,9999$
1000,5225,1028,9999=1000,1028,5225,9999$
1000,9478,1573,9999=1000,1573,9478,9999$
1000,9405,1206,9999=1000,1206,9405,9999$
1000,1137,7434,9999=1000,1137,7434,9999$
1000,4879,2977,9999=1000,2977,4879,9999$
1000,9663,7469,9999=1000,7469,9663,9999$
1000,7643,2449,9999=1000,2449,7643,9999$
1000,7478,9771,9999=1000,7478,9771,9999$
1000,4163,7962,9999=1000,4163,7962,9999$
1000,5887,8986,9999=1000,5887,8986,9999$
1000,3214,7513,9999=1000,3214,7513,9999$
1000,6536,7630,9999=1000,6536,7630,9999$
1000,6509,4708,9999=1000,4708,6509,9999$
1000,5661,4168,9999=1000,4168,5661,9999$
1000,6068,7867,9999=1000,6068,7867,9999$
1000,7249,2745,9999=1000,2745,7249,9999$
1000,1036,6834,9999=1000,1036,6834,9999$
1000,1068,2267,9999=1000,1068,2267,9999$
1000,5567,6961,9999=1000,5567,6961,9999$
1000,1777,8971,9999=1000,1777,8971,9999$
1000,2097,1391,9999=1000,1391,2097,9999$
1000,4565,3660,9999=1000,3660,4565,9999$
1000,2605,1109,9999=1000,1109,2605,9999$
1000,3445,4147,9999=1000,3445,4147,9999$
1000,7997,9899,9999=1000,7997,9899,9999$
1000,6447,9741,9999=1000,6447,9741,9999$
1000,4980,5184,9999=1000,4980,5184,9999$
1000,4701,9307,9999=1000,4701,9307,9999$
1000,9832,6439,9999=1000,6439,9832,9999$
1000,2588,4987,9999=1000,2588,4987,9999$
1000,4269,2864,9999=1000,2864,4269,9999$
1000,3510,9118,9999=1000,3510,9118,9999$
1000,5828,1925,9999=1000,1925,5828,9999$
1000,9319,2516,9999=1000,2516,9319,9999$
1000,9462,6761,9999=1000,6761,9462,9999$
1000,7669,4764,9999=1000,4764,7669,9999$
1000,8095,7491,9999=1000,7491,8095,9999$
1000,1418,2319,9999=1000,1418,2319,9999$
1000,4148,8544,9999=1000,4148,8544,9999$
1000,3435,5934,9999=1000,3435,5934,9999$
1000,3515,9316,9999=1000,3515,9316,9999$
1000,3327,7229,9999=1000,3327,7229,9999$
1000,1450,4156,9999=1000,1450,4156,9999$
1000,1870,9771,9999=1000,1870,9771,9999$
1000,5992,4299,9999=1000,4299,5992,9999$
1000,2917,6519,9999=1000,2917,6519,9999$
1000,5788,9885,9999=1000,5788,9885,9999$
1000,9856,8952,9999=1000,8952,9856,9999$
1000,3338,7836,9999=1000,3338,7836,9999$
1000,2931,5636,9999=1000,2931,5636,9999$
1000,8589,3886,9999=1000,3886,8589,9999$
1000,5868,6961,9999=1000,5868,6961,9999$
1000,6076,5872,9999=1000,5872,6076,9999$
1000,9527,5229,9999=1000,5229,9527,9999$
1000,5312,1611,9999=1000,1611,5312,9999$
1000,5076,1174,9999=1000,1174,5076,9999$
1000,5653,3457,9999=1000,3457,5653,9999$
1000,2799,6993,9999=1000,2799,6993,9999$
1000,7664,8169,9999=1000,7664,8169,9999$
1000,3743,8546,9999=1000,3743,8546,9999$
1000,7128,4627,9999=1000,4627,7128,9999$
1000,7769,2968,9999=1000,2968,7769,9999$
1000,6679,8870,9999=1000,6679,8870,9999$
1000,7608,2409,9999=1000,2409,7608,9999$
1000,9629,5726,9999=1000,5726,9629,9999$
1000,8204,9105,9999=1000,8204,9105,9999$
1000,2651,6552,9999=1000,2651,6552,9999$
1000,9833,3739,9999=1000,3739,9833,9999$
1000,5823,6024,9999=1000,5823,6024,9999$
1000,1313,4115,9999=1000,1313,4115,9999$
1000,8910,1712,9999=1000,1712,8910,9999$
1000,7844,9349,9999=1000,7844,9349,9999$
1000,2079,8372,9999=1000,2079,8372,9999$
1000,3439,5731,9999=1000,3439,5731,9999$
1000,5158,8956,9999=1000,5158,8956,9999$
1000,1625,6724,9999=1000,1625,6724,9999$
1000,8797,1599,9999=1000,1599,8797,9999$
1000,1849,4945,9999=1000,1849,4945,9999$
1000,2887,4588,9999=1000,2887,4588,9999$
1000,5748,8947,9999=1000,5748,8947,9999$
1000,9597,5896,9999=1000,5896,9597,9999$
1000,1109,4907,9999=1000,1109,4907,9999$
1000,4836,2238,9999=1000,2238,4836,9999$
1000,1116,6915,9999=1000,1116,6915,9999$
1000,6728,2629,9999=1000,2629,6728,9999$
1000,5439,9633,9999=1000,5439,9633,9999$
1000,7024,4223,9999=1000,4223,7024,9999$
1000,1925,7827,9999=1000,1925,7827,9999$
1000,8985,4787,9999=1000,4787,8985,9999$
1000,8312,7119,9999=1000,7119,8312,9999$
1000,5389,2488,9999=1000,2488,5389,9999$
1000,4805,6406,9999=1000,4805,6406,9999$
1000,5828,2329,9999=1000,2329,5828,9999$
1000,1560,3466,9999=1000,1560,3466,9999$
1000,5068,4363,9999=1000,4363,5068,9999$
1000,1058,5651,9999=1000,1058,5651,9999$
1000,2591,9492,9999=1000,2591,9492,9999$
1000,9874,4676,9999=1000,4676,9874,9999$
1000,1806,2309,9999=1000,1806,2309,9999$
1000,9606,8902,9999=1000,8902,9606,9999$
1000,9167,3765,9999=1000,3765,9167,9999$
1000,7157,1253,9999=1000,1253,7157,9999$
1000,1481,2382,9999=1000,1481,2382,9999$
1000,8526,3823,9999=1000,3823,8526,9999$
1000,7324,9129,9999=1000,7324,9129,9999$
1000,8734,6337,9999=1000,6337,8734,9999$
1000,5788,4489,9999=1000,4489,5788,9999$
1000,6901,8705,9999=1000,6901,8705,9999$
1000,9827,4921,9999=1000,4921,9827,9999$
1000,1820,5728,9999=1000,1820,5728,9999$
1000,5500,6405,9999=1000,5500,6405,9999$
1000,7698,9897,9999=1000,7698,9897,9999$
1000,4635,8930,9999=1000,4635,8930,9999$
1000,9803,6504,9999=1000,6504,9803,9999$
1000,7258,8059,9999=1000,7258,8059,9999$
1000,9846,8942,9999=1000,8942,9846,9999$
1000,4771,3475,9999=1000,3475,4771,9999$
1000,5585,7088,9999=1000,5585,7088,9999$
1000,1546,3842,9999=1000,1546,3842,9999$
1000,1078,9677,9999=1000,1078,9677,9999$
1000,1869,3961,9999=1000,1869,3961,9999$
1000,5729,6823,9999=1000,5729,6823,9999$
1000,3029,1328,9999=1000,1328,3029,9999$
1000,6494,1397,9999=1000,1397,6494,9999$
1000,6601,1509,9999=1000,1509,6601,9999$
1000,9517,2816,9999=1000,2816,9517,9999$
1000,5569,3866,9999=1000,3866,5569,9999$
1000,8550,5255,9999=1000,5255,8550,9999$
1000,1823,3527,9999=1000,1823,3527,9999$
1000,1198,4393,9999=1000,1198,4393,9999$
1000,9287,7189,9999=1000,7189,9287,9999$
1000,5655,4457,9999=1000,4457,5655,9999$
1000,4159,9557,9999=1000,4159,9557,9999$
1000,2757,7158,9999=1000,2757,7158,9999$
1000,7773,4277,9999=1000,4277,7773,9999$
1000,3891,6593,9999=1000,3891,6593,9999$
1000,7567,3368,9999=1000,3368,7567,9999$
1000,2824,8921,9999=1000,2824,8921,9999$
1000,7408,1109,9999=1000,1109,7408,9999$
1000,6865,3964,9999=1000,3964,6865,9999$
1000,6255,2059,9999=1000,2059,6255,9999$
1000,8768,7862,9999=1000,7862,8768,9999$
1000,9099,2697,9999=1000,2697,9099,9999$
1000,8553,3456,9999=1000,3456,8553,9999$
1000,6974,1877,9999=1000,1877,6974,9999$
1000,6466,3069,9999=1000,3069,6466,9999$
1000,6247,2344,9999=1000,2344,6247,9999$
1000,8771,4475,9999=1000,4475,8771,9999$
1000,3841,2940,9999=1000,2940,3841,9999$
1000,9086,4683,9999=1000,4683,9086,9999$
1000,7991,9793,9999=1000,7991,9793,9999$
1000,7277,9571,9999=1000,7277,9571,9999$
1000,4818,2914,9999=1000,2914,4818,9999$
1000,2781,7087,9999=1000,2781,7087,9999$
1000,9432,1037,9999=1000,1037,9432,9999$
1000,4268,5662,9999=1000,4268,5662,9999$
1000,5177,3570,9999=1000,3570,5177,9999$
1000,8714,4019,9999=1000,4019,8714,9999$
1000,4266,7563,9999=1000,4266,7563,9999$
1000,8974,7875,9999=1000,7875,8974,9999$
1000,2739,6933,9999=1000,2739,6933,9999$
1000,2569,4665,9999=1000,2569,4665,9999$
1000,8424,9327,9999=1000,8424,9327,9999$
1000,4589,8885,9999=1000,4589,8885,9999$
1000,8068,7567,9999=1000,7567,8068,9999$
1000,1357,6852,9999=1000,1357,6852,9999$
1000,2837,7930,9999=1000,2837,7930,9999$
1000,6910,7819,9999=1000,6910,7819,9999$
1000,6933,4836,9999=1000,4836,6933,9999$
1000,6821,7920,9999=1000,6821,7920,9999$
1000,9802,2705,9999=1000,2705,9802,9999$
1000,1444,5345,9999=1000,1444,5345,9999$
1000,7561,3463,9999=1000,3463,7561,9999$
1000,7888,1981,9999=1000,1981,7888,9999$
1000,5038,7534,9999=1000,5038,7534,9999$
1000,2934,6738,9999=1000,2934,6738,9999$
1000,4918,8719,9999=1000,4918,8719,9999$
1000,1667,9568,9999=1000,1667,9568,9999$
1000,1997,8798,9999=1000,1997,8798,9999$
1000,6348,3149,9999=1000,3149,6348,9999$
1000,8638,4937,9999=1000,4937,8638,9999$
1000,8506,5700,9999=1000,5700,8506,9999$
1000,7399,1897,9999=1000,1897,7399,9999$
1000,4758,7851,9999=1000,4758,7851,9999$
1000,7711,3214,9999=1000,3214,7711,9999$
1000,8638,2832,9999=1000,2832,8638,9999$
1000,8986,3887,9999=1000,3887,8986,9999$
1000,2945,8448,9999=1000,2945,8448,9999$
1000,3398,4895,9999=1000,3398,4895,9999$
1000,8478,4279,9999=1000,4279,8478,9999$
1000,6705,8800,9999=1000,6705,8800,9999$
1000,4630,2538,9999=1000,2538,4630,9999$
1000,3896,2995,9999=1000,2995,3896,9999$
1000,5934,6637,9999=1000,5934,6637,9999$
1000,7492,5393,9999=1000,5393,7492,9999$
1000,5139,3438,9999=1000,3438,5139,9999$
1000,5054,9453,9999=1000,5054,9453,9999$
1000,3092,4691,9999=1000,3092,4691,9999$
1000,9729,8924,9999=1000,8924,9729,9999$
1000,4619,8917,9999=1000,4619,8917,9999$
1000,9544,6346,9999=1000,6346,9544,9999$
1000,9469,8568,9999=1000,8568,9469,9999$
1000,3956,1757,9999=1000,1757,3956,9999$
1000,9294,4890,9999=1000,4890,9294,9999$
1000,6477,4771,9999=1000,4771,6477,9999$
1000,9547,1049,9999=1000,1049,9547,9999$
1000,5807,6009,9999=1000,5807,6009,9999$
1000,8029,2322,9999=1000,2322,8029,9999$
1000,2227,8128,9999=1000,2227,8128,9999$
1000,2950,6356,9999=1000,2950,6356,9999$
1000,3850,7652,9999=1000,3850,7652,9999$
1000,9437,3138,9999=1000,3138,9437,9999$
1000,4049,8544,9999=1000,4049,8544,9999$
1000,2153,7951,9999=1000,2153,7951,9999$
1000,3014,2310,9999=1000,2310,3014,9999$
1000,8653,2359,9999=1000,2359,8653,9999$
1000,5426,1624,9999=1000,1624,5426,9999$
1000,6395,8693,9999=1000,6395,8693,9999$
1000,5748,9945,9999=1000,5748,9945,9999$
1000,8689,3788,9999=1000,3788,8689,9999$
1000,6865,5961,9999=1000,5961,6865,9999$
1000,4148,9447,9999=1000,4148,9447,9999$
1000,6671,7077,9999=1000,6671,7077,9999$
1000,3505,8602,9999=1000,3505,8602,9999$
1000,3847,9049,9999=1000,3847,9049,9999$
1000,8569,4867,9999=1000,4867,8569,9999$
1000,1946,5848,9999=1000,1946,5848,9999$
1000,7249,1548,9999=1000,1548,7249,9999$
1000,3294,4096,9999=1000,3294,4096,9999$
1000,8055,7353,9999=1000,7353,8055,9999$
1000,5345,2741,9999=1000,2741,5345,9999$
1000,9229,6521,9999=1000,6521,9229,9999$
1000,7883,4684,9999=1000,4684,7883,9999$
1000,3665,7268,9999=1000,3665,7268,9999$
1000,7069,2462,9999=1000,2462,7069,9999$
1000,6035,7731,9999=1000,6035,7731,9999$
1000,8427,4821,9999=1000,4821,8427,9999$
1000,3468,8867,9999=1000,3468,8867,9999$
1000,7848,3947,9999=1000,3947,7848,9999$
1000,2355,8057,9999=1000,2355,8057,9999$
1000,9896,7098,9999=1000,7098,9896,9999$
1000,5109,8908,9999=1000,5109,8908,9999$
1000,6279,7678,9999=1000,6279,7678,9999$
1000,3419,1618,9999=1000,1618,3419,9999$
1000,1169,9967,9999=1000,1169,9967,9999$
1000,6409,5508,9999=1000,5508,6409,9999$
1000,5725,7924,9999=1000,5725,7924,9999$
1000,2993,7895,9999=1000,2993,7895,9999$
1000,9219,2817,9999=1000,2817,9219,9999$
1000,6948,9349,9999=1000,6948,9349,9999$
1000,2208,7701,9999=1000,2208,7701,9999$
1000,2886,7487,9999=1000,2886,7487,9999$
1000,5723,2628,9999=1000,2628,5723,9999$
1000,5647,4048,9999=1000,4048,5647,9999$
1000,5068,3762,9999=1000,3762,5068,9999$
1000,5045,1742,9999=1000,1742,5045,9999$
1000,8347,6445,9999=1000,6445,8347,9999$
1000,5917,9518,9999=1000,5917,9518,9999$
1000,6759,7857,9999=1000,6759,7857,9999$
1000,9830,3432,9999=1000,3432,9830,9999$
1000,9877,6974,9999=1000,6974,9877,9999$
1000,8259,9755,9999=1000,8259,9755,9999$
1000,1866,6769,9999=1000,1866,6769,9999$
1000,7326,2521,9999=1000,2521,7326,9999$
1000,3726,8529,9999=1000,3726,8529,9999$
1000,6943,7547,9999=1000,6943,7547,9999$
1000,8872,5776,9999=1000,5776,8872,9999$
1000,1841,7248,9999=1000,1841,7248,9999$
1000,7097,8492,9999=1000,7097,8492,9999$
1000,9795,2697,9999=1000,2697,9795,9999$
1000,8728,2029,9999=1000,2029,8728,9999$
1000,8527,6328,9999=1000,6328,8527,9999$
1000,3059,6457,9999=1000,3059,6457,9999$
1000,8835,4737,9999=1000,4737,8835,9999$
1000,8039,2738,9999=1000,2738,8039,9999$
1000,2968,8869,9999=1000,2968,8869,9999$
1000,8676,1970,9999=1000,1970,8676,9999$
1000,9169,8362,9999=1000,8362,9169,9999$
1000,2547,4743,9999=1000,2547,4743,9999$
1000,5138,2937,9999=1000,2937,5138,9999$
1000,6944,5549,9999=1000,5549,6944,9999$
1000,1446,4543,9999=1000,1446,4543,9999$
1000,6298,5794,9999=1000,5794,6298,9999$
1000,5474,3278,9999=1000,3278,5474,9999$
1000,4640,1445,9999=1000,1445,4640,9999$
1000,9257,7552,9999=1000,7552,9257,9999$
1000,6789,7888,9999=1000,6789,7888,9999$
1000,8126,7723,9999=1000,7723,8126,9999$
1000,4139,3535,9999=1000,3535,4139,9999$
1000,1676,5579,9999=1000,1676,5579,9999$
1000,6818,2910,9999=1000,2910,6818,9999$
1000,9295,4893,9999=1000,4893,9295,9999$
1000,3974,1475,9999=1000,1475,3974,9999$
1000,2433,4035,9999=1000,2433,4035,9999$
1000,8095,9691,9999=1000,8095,9691,9999$
1000,2379,9478,9999=1000,2379,9478,9999$
1000,8797,5698,9999=1000,5698,8797,9999$
1000,8698,1994,9999=1000,1994,8698,9999$
1000,6728,9429,9999=1000,6728,9429,9999$
1000,5457,6158,9999=1000,5457,6158,9999$
1000,9259,8356,9999=1000,8356,9259,9999$
1000,2844,9943,9999=1000,2844,9943,9999$
1000,4931,6536,9999=1000,4931,6536,9999$
1000,4399,3792,9999=1000,3792,4399,9999$
1000,3924,7726,9999=1000,3924,7726,9999$
1000,8448,5745,9999=1000,5745,8448,9999$
1000,5776,8677,9999=1000,5776,8677,9999$
1000,6563,3465,9999=1000,3465,6563,9999$
1000,5647,7845,9999=1000,5647,7845,9999$
1000,9333,8135,9999=1000,8135,9333,9999$
1000,8757,9058,9999=1000,8757,9058,9999$
1000,7549,1848,9999=1000,1848,7549,9999$
1000,5177,2776,9999=1000,2776,5177,9999$
1000,5825,4728,9999=1000,4728,5825,9999$
1000,9981,5287,9999=1000,5287,9981,9999$
1000,8759,4857,9999=1000,4857,8759,9999$
1000,4058,6351,9999=1000,4058,6351,9999$
1000,7968,9869,9999=1000,7968,9869,9999$
1000,7904,1509,9999=1000,1509,7904,9999$
1000,2958,3859,9999=1000,2958,3859,9999$
1000,2486,9388,9999=1000,2486,9388,9999$
1000,8475,3179,9999=1000,3179,8475,9999$
1000,7487,1586,9999=1000,1586,7487,9999$
1000,4409,7605,9999=1000,4409,7605,9999$
1000,6236,3434,9999=1000,3434,6236,9999$
1000,1911,2817,9999=1000,1911,2817,9999$
1000,4256,5654,9999=1000,4256,5654,9999$
1000,6737,1836,9999=1000,1836,6737,9999$
1000,4775,8973,9999=1000,4775,8973,9999$
1000,2962,3869,9999=1000,2962,3869,9999$
1000,2836,9537,9999=1000,2836,9537,9999$
1000,2838,7937,9999=1000,2838,7937,9999$
1000,7108,8705,9999=1000,7108,8705,9999$
1000,7118,5817,9999=1000,5817,7118,9999$
1000,6343,1540,9999=1000,1540,6343,9999$
1000,3183,4089,9999=1000,3183,4089,9999$
1000,6742,8647,9999=1000,6742,8647,9999$
1000,3420,7128,9999=1000,3420,7128,9999$
1000,5935,8436,9999=1000,5935,8436,9999$
1000,6306,1007,9999=1000,1007,6306,9999$
1000,7084,3683,9999=1000,3683,7084,9999$
1000,2968,3769,9999=1000,2968,3769,9999$
1000,1428,6625,9999=1000,1428,6625,9999$
1000,2398,9593,9999=1000,2398,9593,9999$
1000,3824,5129,9999=1000,3824,5129,9999$
1000,4419,5717,9999=1000,4419,5717,9999$
1000,6227,8720,9999=1000,6227,8720,9999$
1000,4006,3402,9999=1000,3402,4006,9999$
1000,1558,9756,9999=1000,1558,9756,9999$
1000,8638,5139,9999=1000,5139,8638,9999$
1000,3757,6951,9999=1000,3757,6951,9999$
1000,5980,2689,9999=1000,2689,5980,9999$
1000,2328,5129,9999=1000,2328,5129,9999$
1000,6829,5928,9999=1000,5928,6829,9999$
1000,9369,4463,9999=1000,4463,9369,9999$
1000,9958,3859,9999=1000,3859,9958,9999$
1000,4189,3483,9999=1000,3483,4189,9999$
1000,9526,7428,9999=1000,7428,9526,9999$
1000,9962,7768,9999=1000,7768,9962,9999$
1000,1849,3943,9999=1000,1849,3943,9999$
1000,2497,1298,9999=1000,1298,2497,9999$
1000,7933,3635,9999=1000,3635,7933,9999$
1000,2656,5457,9999=1000,2656,5457,9999$
1000,3492,5790,9999=1000,3492,5790,9999$
1000,5887,2789,9999=1000,2789,5887,9999$
1000,9517,8810,9999=1000,8810,9517,9999$
1000,2249,9847,9999=1000,2249,9847,9999$
1000,9539,2737,9999=1000,2737,9539,9999$
1000,1764,3469,9999=1000,1764,3469,9999$
1000,7251,5159,9999=1000,5159,7251,9999$
1000,8537,4439,9999=1000,4439,8537,9999$
1000,9193,7391,9999=1000,7391,9193,9999$
1000,6637,8039,9999=1000,6637,8039,9999$
1000,9990,1694,9999=1000,1694,9990,9999$
1000,3694,1598,9999=1000,1598,3694,9999$
1000,8506,5803,9999=1000,5803,8506,9999$
1000,1478,7673,9999=1000,1478,7673,9999$
1000,6987,8288,9999=1000,6987,8288,9999$
1000,6458,4551,9999=1000,4551,6458,9999$
1000,8657,3359,9999=1000,3359,8657,9999$
1000,8550,6252,9999=1000,6252,8550,9999$
1000,5936,6839,9999=1000,5936,6839,9999$
1000,4618,2812,9999=1000,2812,4618,9999$
1000,9659,6754,9999=1000,6754,9659,9999$
1000,2893,7798,9999=1000,2893,7798,9999$
1000,5327,1523,9999=1000,1523,5327,9999$
1000,3039,1837,9999=1000,1837,3039,9999$
1000,9889,4986,9999=1000,4986,9889,9999$
1000,6548,5745,9999=1000,5745,6548,9999$
1000,3812,7313,9999=1000,3812,7313,9999$
1000,8387,6985,9999=1000,6985,8387,9999$
1000,5777,1976,9999=1000,1976,5777,9999$
1000,1627,9028,9999=1000,1627,9028,9999$
1000,6914,2415,9999=1000,2415,6914,9999$
1000,8693,7299,9999=1000,7299,8693,9999$
1000,5879,6972,9999=1000,5879,6972,9999$
1000,6681,1083,9999=1000,1083,6681,9999$
1000,2592,8399,9999=1000,2592,8399,9999$
1000,1621,9528,9999=1000,1621,9528,9999$
1000,7797,8895,9999=1000,7797,8895,9999$
1000,5618,7817,9999=1000,5618,7817,9999$
1000,5529,8625,9999=1000,5529,8625,9999$
1000,9016,5910,9999=1000,5910,9016,9999$
1000,3910,1816,9999=1000,1816,3910,9999$
1000,5662,1564,9999=1000,1564,5662,9999$
1000,8692,3597,9999=1000,3597,8692,9999$
1000,3752,9259,9999=1000,3752,9259,9999$
1000,1674,2175,9999=1000,1674,2175,9999$
1000,3852,4757,9999=1000,3852,4757,9999$
1000,8355,7157,9999=1000,7157,8355,9999$
1000,3856,5757,9999=1000,3856,5757,9999$
1000,1355,9159,9999=1000,1355,9159,9999$
1000,4788,6884,9999=1000,4788,6884,9999$
1000,7067,8861,9999=1000,7067,8861,9999$
1000,8489,7588,9999=1000,7588,8489,9999$
1000,2935,6836,9999=1000,2935,6836,9999$
1000,1785,2686,9999=1000,1785,2686,9999$
1000,9461,3069,9999=1000,3069,9461,9999$
1000,4328,7723,9999=1000,4328,7723,9999$
1000,1991,2396,9999=1000,1991,2396,9999$
1000,4705,7609,9999=1000,4705,7609,9999$
1000,3804,4406,9999=1000,3804,4406,9999$
1000,7646,1844,9999=1000,1844,7646,9999$
1000,5777,1678,9999=1000,1678,5777,9999$
1000,2737,3832,9999=1000,2737,3832,9999$
1000,3858,6659,9999=1000,3858,6659,9999$
1000,5741,2649,9999=1000,2649,5741,9999$
1000,3134,1333,9999=1000,1333,3134,9999$
1000,3566,2169,9999=1000,2169,3566,9999$
1000,8055,3953,9999=1000,3953,8055,9999$
1000,1852,2555,9999=1000,1852,2555,9999$
1000,4279,1578,9999=1000,1578,4279,9999$
1000,3738,5837,9999=1000,3738,5837,9999$
1000,9735,5236,9999=1000,5236,9735,9999$
1000,2315,8018,9999=1000,2315,8018,9999$
1000,3700,2001,9999=1000,2001,3700,9999$
1000,2961,5062,9999=1000,2961,5062,9999$
1000,7873,5679,9999=1000,5679,7873,9999$
1000,5972,7776,9999=1000,5972,7776,9999$
1000,6286,4684,9999=1000,4684,6286,9999$
1000,1357,8259,9999=1000,1357,8259,9999$
1000,4588,8786,9999=1000,4588,8786,9999$
1000,8668,9865,9999=1000,8668,9865,9999$
1000,7553,3359,9999=1000,3359,7553,9999$
1000,4935,7838,9999=1000,4935,7838,9999$
1000,7839,3934,9999=1000,3934,7839,9999$
1000,1869,5966,9999=1000,1869,5966,9999$
1000,3365,9762,9999=1000,3365,9762,9999$
1000,3596,8398,9999=1000,3596,8398,9999$
1000,4978,3779,9999=1000,3779,4978,9999$
1000,2017,3611,9999=1000,2017,3611,9999$
1000,4555,3458,9999=1000,3458,4555,9999$
1000,8295,9594,9999=1000,8295,9594,9999$
1000,3187,4882,9999=1000,3187,4882,9999$
1000,8482,5386,9999=1000,5386,8482,9999$
1000,1917,4718,9999=1000,1917,4718,9999$
1000,6600,9208,9999=1000,6600,9208,9999$
1000,6692,7594,9999=1000,6692,7594,9999$
1000,5595,8198,9999=1000,5595,8198,9999$
1000,6618,9715,9999=1000,6618,9715,9999$
1000,9835,5037,9999=1000,5037,9835,9999$
1000,4605,6800,9999=1000,4605,6800,9999$
1000,2970,7271,9999=1000,2970,7271,9999$
1000,7840,4645,9999=1000,4645,7840,9999$
1000,6865,7667,9999=1000,6865,7667,9999$
1000,5458,4557,9999=1000,4557,5458,9999$
1000,9255,2951,9999=1000,2951,9255,9999$
1000,3312,7411,9999=1000,3312,7411,9999$
1000,6703,2901,9999=1000,2901,6703,9999$
1000,3401,5103,9999=1000,3401,5103,9999$
1000,7107,4805,9999=1000,4805,7107,9999$
1000,4674,9279,9999=1000,4674,9279,9999$
1000,8403,3106,9999=1000,3106,8403,9999$
1000,9522,4129,9999=1000,4129,9522,9999$
1000,4459,3956,9999=1000,3956,4459,9999$
1000,4549,8748,9999=1000,4549,8748,9999$
1000,5146,3945,9999=1000,3945,5146,9999$
1000,7891,2797,9999=1000,2797,7891,9999$
1000,6995,2599,9999=1000,2599,6995,9999$
1000,8753,5558,9999=1000,5558,8753,9999$
1000,1728,7926,9999=1000,1728,7926,9999$
1000,8673,3870,9999=1000,3870,8673,9999$
1000,7054,3752,9999=1000,3752,7054,9999$
1000,3695,5892,9999=1000,3695,5892,9999$
1000,4259,1558,9999=1000,1558,4259,9999$
1000,4936,9737,9999=1000,4936,9737,9999$
1000,1777,7179,9999=1000,1777,7179,9999$
1000,4820,9625,9999=1000,4820,9625,9999$
1000,6921,5624,9999=1000,5624,6921,9999$
1000,5587,7288,9999=1000,5587,7288,9999$
1000,8306,6603,9999=1000,6603,8306,9999$
1000,5772,7575,9999=1000,5772,7575,9999$
1000,4797,5398,9999=1000,4797,5398,9999$
1000,9256,2755,9999=1000,2755,9256,9999$
1000,8587,9489,9999=1000,8587,9489,9999$
1000,5035,3833,9999=1000,3833,5035,9999$
1000,6804,7707,9999=1000,6804,7707,9999$
1000,6871,4376,9999=1000,4376,6871,9999$
1000,4605,6800,9999=1000,4605,6800,9999$
1000,4047,3741,9999=1000,3741,4047,9999$
1000,3977,9879,9999=1000,3977,9879,9999$
1000,5717,9912,9999=1000,5717,9912,9999$
1000,6527,1925,9999=1000,1925,6527,9999$
1000,7952,1555,9999=1000,1555,7952,9999$
1000,1093,6990,9999=1000,1093,6990,9999$
1000,2174,3473,9999=1000,2174,3473,9999$
1000,6559,7657,9999=1000,6559,7657,9999$
1000,1982,8687,9999=1000,1982,8687,9999$
1000,4414,9613,9999=1000,4414,9613,9999$
1000,1780,2381,9999=1000,1780,2381,9999$
1000,4735,3238,9999=1000,3238,4735,9999$
1000,7860,1467,9999=1000,1467,7860,9999$
1000,2088,1483,9999=1000,1483,2088,9999$
1000,1776,7577,9999=1000,1776,7577,9999$
1000,9728,1429,9999=1000,1429,9728,9999$
1000,7783,3486,9999=1000,3486,7783,9999$
1000,7847,2749,9999=1000,2749,7847,9999$
1000,3138,2533,9999=1000,2533,3138,9999$
1000,4046,6444,9999=1000,4046,6444,9999$
1000,1287,6985,9999=1000,1287,6985,9999$
1000,7676,6972,9999=1000,6972,7676,9999$
1000,9471,5372,9999=1000,5372,9471,9999$
1000,1507,2009,9999=1000,1507,2009,9999$
1000,3397,2993,9999=1000,2993,3397,9999$
1000,2052,6550,9999=1000,2052,6550,9999$
1000,3348,6440,9999=1000,3348,6440,9999$
1000,1329,3728,9999=1000,1329,3728,9999$
1000,1248,9441,9999=1000,1248,9441,9999$
1000,1763,2962,9999=1000,1763,2962,9999$
1000,1797,3498,9999=1000,1797,3498,9999$
1000,1547,6348,9999=1000,1547,6348,9999$
1000,7505,9006,9999=1000,7505,9006,9999$
1000,6995,9898,9999=1000,6995,9898,9999$
1000,9587,3982,9999=1000,3982,9587,9999$
1000,6667,9469,9999=1000,6667,9469,9999$
1000,7555,2259,9999=1000,2259,7555,9999$
1000,9775,3577,9999=1000,3577,9775,9999$
1000,3796,5697,9999=1000,3796,5697,9999$
1000,9588,1089,9999=1000,1089,9588,9999$
1000,6539,9938,9999=1000,6539,9938,9999$
1000,6537,8138,9999=1000,6537,8138,9999$
1000,1137,3633,9999=1000,1137,3633,9999$
1000,4440,2341,9999=1000,2341,4440,9999$
1000,2148,5344,9999=1000,2148,5344,9999$
1000,7515,6019,9999=1000,6019,7515,9999$
1000,4758,6857,9999=1000,4758,6857,9999$
1000,6779,7978,9999=1000,6779,7978,9999$
1000,6767,9668,9999=1000,6767,9668,9999$
1000,5179,2976,9999=1000,2976,5179,9999$
1000,4458,9957,9999=1000,4458,9957,9999$
1000,7299,2790,9999=1000,2790,7299,9999$
1000,2675,4970,9999=1000,2675,4970,9999$
1000,2793,9992,9999=1000,2793,9992,9999$
1000,6245,8941,9999=1000,6245,8941,9999$
1000,8277,4976,9999=1000,4976,8277,9999$
1000,3748,5847,9999=1000,3748,5847,9999$
1000,3019,4817,9999=1000,3019,4817,9999$
1000,1867,7168,9999=1000,1867,7168,9999$
1000,7149,8645,9999=1000,7149,8645,9999$
1000,9360,4263,9999=1000,4263,9360,9999$
1000,3819,5918,9999=1000,3819,5918,9999$
1000,2273,4175,9999=1000,2273,4175,9999$
1000,5725,3626,9999=1000,3626,5725,9999$
1000,1988,3489,9999=1000,1988,3489,9999$
1000,3843,7749,9999=1000,3843,7749,9999$
1000,8279,9678,9999=1000,8279,9678,9999$
1000,3928,4129,9999=1000,3928,4129,9999$
1000,3995,5697,9999=1000,3995,5697,9999$
1000,7646,1047,9999=1000,1047,7646,9999$
1000,6336,8932,9999=1000,6336,8932,9999$
1000,9498,7299,9999=1000,7299,9498,9999$
1000,2778,8679,9999=1000,2778,8679,9999$
1000,1428,7825,9999=1000,1428,7825,9999$
1000,6986,5789,9999=1000,5789,6986,9999$
1000,9196,3995,9999=1000,3995,9196,9999$
1000,5945,6848,9999=1000,5945,6848,9999$
1000,4638,7339,9999=1000,4638,7339,9999$
1000,5842,8349,9999=1000,5842,8349,9999$
1000,4943,7847,9999=1000,4943,7847,9999$
1000,9498,3693,9999=1000,3693,9498,9999$
1000,3659,9854,9999=1000,3659,9854,9999$
1000,9178,6671,9999=1000,6671,9178,9999$
1000,7489,1887,9999=1000,1887,7489,9999$
1000,7688,4987,9999=1000,4987,7688,9999$
1000,7277,8471,9999=1000,7277,8471,9999$
1000,1809,3902,9999=1000,1809,3902,9999$
1000,7017,4111,9999=1000,4111,7017,9999$
1000,5399,6594,9999=1000,5399,6594,9999$
1000,4559,3752,9999=1000,3752,4559,9999$
1000,4667,1168,9999=1000,1168,4667,9999$
1000,4714,8812,9999=1000,4714,8812,9999$
1000,2448,1846,9999=1000,1846,2448,9999$
1000,4937,2639,9999=1000,2639,4937,9999$
1000,7429,8627,9999=1000,7429,8627,9999$
1000,6888,7987,9999=1000,6888,7987,9999$
1000,3756,2657,9999=1000,2657,3756,9999$
1000,6336,7934,9999=1000,6336,7934,9999$
1000,8961,1369,9999=1000,1369,8961,9999$
1000,7009,6806,9999=1000,6806,7009,9999$
1000,7577,2774,9999=1000,2774,7577,9999$
1000,8847,3940,9999=1000,3940,8847,9999$
1000,1259,5358,9999=1000,1259,5358,9999$
1000,2448,6646,9999=1000,2448,6646,9999$
1000,4824,8923,9999=1000,4824,8923,9999$
1000,1794,4992,9999=1000,1794,4992,9999$
1000,4107,2602,9999=1000,2602,4107,9999$
1000,8712,6214,9999=1000,6214,8712,9999$
1000,6908,3809,9999=1000,3809,6908,9999$
1000,3264,4962,9999=1000,3264,4962,9999$
1000,6795,5891,9999=1000,5891,6795,9999$
1000,1324,3228,9999=1000,1324,3228,9999$
1000,8987,7689,9999=1000,7689,8987,9999$
1000,7798,5699,9999=1000,5699,7798,9999$
1000,1528,5821,9999=1000,1528,5821,9999$
1000,7564,5963,9999=1000,5963,7564,9999$
1000,7238,3834,9999=1000,3834,7238,9999$
1000,3937,1739,9999=1000,1739,3937,9999$
1000,8876,6777,9999=1000,6777,8876,9999$
1000,3039,2637,9999=1000,2637,3039,9999$
1000,2868,6960,9999=1000,2868,6960,9999$
1000,6812,7910,9999=1000,6812,7910,9999$
1000,9829,5928,9999=1000,5928,9829,9999$
1000,8708,7905,9999=1000,7905,8708,9999$
1000,1958,3759,9999=1000,1958,3759,9999$
1000,9986,2288,9999=1000,2288,9986,9999$
1000,5378,3476,9999=1000,3476,5378,9999$
1000,4067,1363,9999=1000,1363,4067,9999$
1000,4698,8299,9999=1000,4698,8299,9999$
1000,1038,3537,9999=1000,1038,3537,9999$
1000,8831,3739,9999=1000,3739,8831,9999$
1000,6958,9459,9999=1000,6958,9459,9999$
1000,9953,3855,9999=1000,3855,9953,9999$
1000,7809,9907,9999=1000,7809,9907,9999$
1000,5205,6703,9999=1000,5205,6703,9999$
1000,8936,3839,9999=1000,3839,8936,9999$
1000,7368,6567,9999=1000,6567,7368,9999$
1000,1658,8756,9999=1000,1658,8756,9999$
1000,6309,7707,9999=1000,6309,7707,9999$
1000,4398,8693,9999=1000,4398,8693,9999$
1000,6721,3623,9999=1000,3623,6721,9999$
1000,1812,4713,9999=1000,1812,4713,9999$
1000,8406,3705,9999=1000,3705,8406,9999$
1000,3001,6200,9999=1000,3001,6200,9999$
1000,3834,8739,9999=1000,3834,8739,9999$
1000,9641,2449,9999=1000,2449,9641,9999$
1000,5997,3898,9999=1000,3898,5997,9999$
1000,1847,8249,9999=1000,1847,8249,9999$
1000,9656,5853,9999=1000,5853,9656,9999$
1000,4252,5351,9999=1000,4252,5351,9999$
1000,2798,4892,9999=1000,2798,4892,9999$
1000,5917,7319,9999=1000,5917,7319,9999$
1000,2760,6366,9999=1000,2760,6366,9999$
1000,7028,4124,9999=1000,4124,7028,9999$
1000,8925,9629,9999=1000,8925,9629,9999$
1000,6322,8225,9999=1000,6322,8225,9999$
1000,2760,9563,9999=1000,2760,9563,9999$
1000,9932,8336,9999=1000,8336,9932,9999$
1000,1800,7502,9999=1000,1800,7502,9999$
1000,9579,4878,9999=1000,4878,9579,9999$
1000,4888,8089,9999=1000,4888,8089,9999$
1000,8089,1781,9999=1000,1781,8089,9999$
1000,8764,4367,9999=1000,4367,8764,9999$
1000,4004,6903,9999=1000,4004,6903,9999$
1000,8636,4731,9999=1000,4731,8636,9999$
1000,9488,7980,9999=1000,7980,9488,9999$
1000,4798,6399,9999=1000,4798,6399,9999$
1000,9627,4725,9999=1000,4725,9627,9999$
1000,1477,3674,9999=1000,1477,3674,9999$
1000,3266,8561,9999=1000,3266,8561,9999$
1000,9242,2941,9999=1000,2941,9242,9999$
1000,2935,6136,9999=1000,2935,6136,9999$
1000,9981,8787,9999=1000,8787,9981,9999$
1000,6315,3814,9999=1000,3814,6315,9999$
1000,2599,3798,9999=1000,2599,3798,9999$
1000,6678,1871,9999=1000,1871,6678,9999$
1000,3833,5739,9999=1000,3833,5739,9999$
1000,9571,8770,9999=1000,8770,9571,9999$
1000,4675,1079,9999=1000,1079,4675,9999$
1000,6106,9302,9999=1000,6106,9302,9999$
1000,9076,6673,9999=1000,6673,9076,9999$
1000,7186,5284,9999=1000,5284,7186,9999$
